256
7278.487178 7852.639942
200.102840 9425.892385
1688.133799 8817.419106
8289.754382 3059.803575
751.211832 267.459630
7437.408233 4146.850770
5493.876224 6551.358012
399.695696 1734.658325
842.223423 2315.403469
7208.595083 8427.132644
6069.125429 5568.025084
619.346925 3115.799060
6333.489310 2021.364351
8981.465758 3656.643376
6420.307150 9839.628235
3964.860041 4305.999745
6232.239101 4852.038315
5155.644051 6707.443543
24.129587 6397.452642
2125.330880 7954.018762
9391.893476 8131.819353
2778.776014 893.519444
5832.652657 2445.178564
2867.084275 1040.023588
3318.777732 1366.490443
5625.686203 2732.705832
2347.397269 3883.471982
3734.029727 6319.845480
8415.979628 7610.818197
9885.837729 5918.853826
7701.134750 4885.767997
180.305859 7244.450635
4447.463837 1258.563396
6693.698286 7733.115895
9190.060697 4528.223548
7795.242748 273.706288
8215.965478 1290.143298
929.782713 2379.965026
5515.588124 1548.287129
5702.868622 4553.690132
415.600138 3534.258722
6569.492626 334.101832
9163.315402 6047.300425
4757.763102 7466.483143
240.464923 8472.723646
7066.325528 8307.513637
4209.602725 237.934399
5200.644446 2999.708621
7783.903240 2627.827764
1527.351575 6907.222598
7648.607790 932.041905
6938.920678 6579.310112
2675.813666 1326.163476
1728.035432 4382.478085
95.988124 6406.494914
1937.211828 1130.921957
8327.676709 9444.531260
1316.032726 3647.649863
7694.378052 221.308292
8187.945204 7581.232789
8517.472672 1472.606753
9291.430128 8094.868132
2095.518362 8643.129467
3019.117930 861.554804
9083.953709 6252.736506
9597.168717 4459.885819
8891.216105 2657.169626
1296.314847 9478.518650
7248.059615 9900.065859
274.010123 9086.408138
8263.300873 829.076302
8664.932333 4964.514910
6176.195607 2845.867850
3872.924097 3242.635886
131.784288 2370.939726
1886.491769 4680.191164
3737.468883 8091.059179
5634.473006 9030.191656
7228.375415 1849.544051
5647.912988 863.133466
900.985883 8195.271647
8772.010620 8463.998833
3997.068208 424.944391
7432.548606 2806.584672
3896.753577 6609.225319
5895.636274 8804.115574
7706.597761 1137.895429
1762.459121 8097.383364
7602.648199 2232.866355
1053.997082 8178.467685
6746.244122 838.558621
4753.881727 2660.667897
7375.947454 9700.697186
8972.941930 4624.142040
4161.034684 1727.429801
3816.939945 3542.707328
5806.075410 4043.434570
8429.682313 9809.780341
9576.366511 4965.093966
4441.372868 8977.878479
2502.129391 5919.904656
8121.704549 3845.411978
1879.930483 5296.378416
2680.755648 2520.985495
365.942050 268.046562
5200.641888 5435.175382
1306.555993 2352.453460
2124.405760 6081.157059
2011.451807 4819.672891
2909.894372 5923.521276
4583.010631 3044.334874
268.948424 6530.808984
3345.255385 628.886645
7753.627277 7091.638520
5786.876669 7293.417320
3707.352716 6988.518981
8398.176432 3995.738125
4589.179695 6291.173981
7455.482836 2237.865322
9423.728930 921.720153
5992.540858 2368.147417
6806.945332 5169.727302
932.576633 2980.709469
1611.797002 1435.964420
2776.404517 3277.123888
9947.012378 5815.242247
7547.363985 1400.803597
1805.701296 535.247382
1121.240266 6893.950005
1728.654306 5302.181449
5339.210422 4235.334914
1525.720810 1918.413632
1043.928492 5441.645893
5527.845781 5980.416433
4489.987379 135.025912
9841.395213 2989.352099
1314.648255 1572.114705
9763.994862 5131.067798
633.806403 3442.475053
3631.996091 2750.359034
1209.781106 5959.144591
9917.770150 4808.221346
259.742721 4225.501674
195.581029 8887.145554
9468.784862 8344.683970
4949.507524 7368.722120
5586.287362 9738.841411
6345.197325 9918.238961
2409.031086 6530.215217
5936.928424 2247.206566
5694.230754 4744.137018
1189.350771 7837.803227
7024.273329 1240.579801
5415.894787 5125.101597
95.571070 9593.568276
6772.274160 7296.176211
4230.275921 1071.547002
6809.147107 6166.151706
8080.354553 7294.977290
794.405777 5151.886357
8774.293387 6983.789234
7936.313697 9047.129786
8641.381436 1613.666663
8332.715890 9757.337466
6974.944246 3755.202658
4915.397589 5513.531184
7181.252795 2690.374874
5313.534730 3124.049267
6038.438546 6680.932925
6811.638915 1412.779889
4306.198524 4305.954136
4063.158051 770.383523
620.057291 1025.947369
9992.458515 2580.372517
3535.612009 9062.040668
2059.459589 2074.967384
5905.412427 760.286690
403.980047 6519.612590
7607.857381 2557.664608
1789.346912 7496.411983
4882.742653 8657.509913
6243.481022 8513.188603
1453.801228 1726.662291
9089.955801 8917.026978
4134.421818 2605.031876
9306.373150 8916.964652
288.831697 7798.948233
235.487318 1663.947504
9521.245843 1089.224245
601.334935 3469.187073
4893.160792 9886.065694
9919.797073 2191.355487
5914.333425 6674.032636
535.347628 7536.315997
2272.178616 5904.778102
1781.169303 9504.960538
1613.088424 9297.984213
6604.100903 8733.992009
2839.691757 9455.956521
6808.857484 9429.961075
3331.937188 6629.460595
5040.783644 736.534825
3370.070471 2716.060337
2469.974771 8194.051947
7101.201859 9451.073579
2665.573246 2610.791763
5629.677042 7190.941390
882.896476 2579.155703
9046.438267 514.596208
2058.023412 3317.350437
4071.476787 4921.532132
2467.281499 4634.520144
3163.662077 3790.324575
40.231281 6139.891437
2257.694422 5079.574489
1525.558240 908.499761
8642.741451 3776.271524
7728.352657 2395.194806
9991.588284 3845.849105
39.200455 5.871989
5579.023093 6126.100590
338.748806 1925.601748
4734.952443 1003.961449
96.505924 3416.304175
3525.598865 7881.805923
8308.249133 2118.357590
8394.298311 4382.993203
4698.486778 1828.086848
6012.662587 5428.671321
8506.491408 3266.152659
314.094698 1248.226037
5184.873680 18.500365
8888.155984 4589.044678
4717.714921 7043.685335
4900.668064 8093.100151
7471.575215 4032.788370
8550.899825 8506.930003
9086.317960 5050.659389
9076.917100 1361.156024
298.517020 3295.833502
4702.244251 8370.621953
2815.059372 2594.632959
7331.284463 4644.149406
4492.211369 4368.318157
3124.798772 9768.605630
2242.834139 7781.474958
2200.604144 4093.542430
19.318545 4225.659402
5218.052184 4817.838208
6055.218281 5179.825630
500.885425 4362.182662
4191.418785 5417.310092
10.647517 4669.147019
272.104076 5086.655423
58.483629 4337.286244
5458.533001 1899.058725