64
8179.539397 8679.504732
857.605657 344.436208
1265.978856 5813.020241
193.893373 5481.503310
5876.839748 5370.965217
7881.355592 864.082615
7396.494555 726.293052
1674.211082 626.161069
4210.473671 6299.995505
1408.867346 7446.102467
8073.268327 2094.699979
404.976292 5409.475450
527.145682 7692.917479
7427.517417 3819.267052
3450.266401 9020.129471
6753.442121 2269.397718
3556.155268 7651.695114
2409.181829 5561.599345
609.433148 6063.424463
4818.288754 1351.402057
6205.539289 422.218728
7165.941304 9979.094409
1542.496463 9800.452764
3763.890102 5530.675538
6181.440015 7817.561503
5436.815916 8737.070487
3480.517085 3082.871949
6149.725781 9580.762166
8311.193744 2258.752209
851.172625 4525.254643
7556.153225 8120.765565
5716.140652 7315.547880
4009.212368 4831.056468
8707.578718 8050.804003
6039.278147 9064.986999
8021.625284 4931.901862
1353.460664 3046.817906
8629.331406 2374.360331
5180.441501 9329.152273
4899.210088 7122.510831
4116.979926 3158.482848
368.065810 7743.061506
9251.914638 2920.039209
5825.293916 7683.048271
4183.561336 2226.516108
5520.811527 2447.884607
9940.586844 80.603328
6803.266424 1087.330481
1883.267047 3509.899815
606.830285 4612.230273
6383.507709 3253.175859
9192.700877 3516.336761
3260.256091 5572.258344
2807.040144 5626.873768
7076.602053 6129.043829
6968.347407 4823.260811
4854.718785 1801.585657
5760.375099 62.933617
9085.939400 2458.630866
3741.967390 3930.316859
6072.853541 2845.226217
7306.816191 3541.651196
1491.210477 8948.374218
5022.799845 3745.924614