128
8489.478942 6770.460361
1530.454161 5155.157225
5688.322693 5266.448815
5653.140903 1174.000701
9658.329151 4135.732707
6337.800343 6244.441785
1107.859641 3311.250230
7335.726555 7536.250245
2146.631024 5062.681676
1701.965984 7413.391774
9323.162045 4247.937740
4206.035332 3938.648429
8052.155631 3170.701225
2520.693721 8795.151614
3630.667596 5056.254882
8753.321848 2141.670686
19.144085 4845.874806
7747.813461 7167.833538
7493.590457 2472.555265
3493.875039 1589.759359
3156.678968 6377.581896
1431.731720 7818.252818
3866.096890 2486.775814
3939.672197 4195.962743
3926.139714 7218.315989
2729.711129 576.216540
8057.899369 441.593248
50.645334 5380.752832
5003.694450 9523.991420
9326.617826 3947.881586
4116.198869 1676.028573
1337.661377 4773.026925
5634.701932 3561.860580
2943.040248 1264.274520
7986.604988 5203.741212
9601.077954 1858.364421
9853.117798 1046.644575
750.084790 3567.241423
2029.430778 1706.543420
5027.066663 6961.489898
237.395052 7809.817630
4418.083050 3634.184869
4677.694062 1696.778049
3510.975071 1390.773841
7477.999476 7071.003349
7218.412487 9991.162587
3715.137069 9334.909283
1317.376194 1486.081503
2100.592885 2449.709358
268.634180 5973.110852
3594.252513 8364.649989
8515.979137 2629.656608
7835.987858 5289.572960
3745.558737 7722.996745
9711.675336 3283.179407
2704.392099 9601.073619
8135.088032 5376.077801
5163.758689 427.560482
256.268318 6222.204514
1415.163392 9867.173180
4903.180485 7267.317978
3352.970920 5478.911271
1568.878667 9640.848126
5576.495959 2382.599465
5684.125085 5835.949477
2538.201387 593.946782
2467.219086 5880.134496
9255.476537 5946.495467
959.118436 9870.345429
2849.196167 9491.294146
6866.130823 925.402496
364.931438 8283.104331
4867.443516 7792.921150
7659.562645 6086.589764
3716.450644 8621.720942
5328.239341 9375.819440
5317.103573 3064.583565
1529.176973 8161.667776
5346.593801 9280.669160
7383.336899 1622.458158
9020.963191 7091.295516
7427.649218 7378.049098
7996.651962 8373.400087
232.714543 5624.129926
7370.594682 1467.685003
2897.676330 8276.175129
8461.128042 4080.281740
4710.763318 3209.565148
6318.985897 8023.029091
2380.593675 6708.614025
5237.382484 6813.694293
913.467577 5436.616117
2512.756648 1446.634392
6451.614472 1705.781955
2616.734015 4438.317853
7824.359348 370.417619
7447.016714 9047.513123
4736.164373 6949.862986
6901.323189 1014.931230
1061.980921 2674.000923
9096.637927 1586.719744
3988.984815 4304.737529
2146.500626 6825.826414
3590.482056 5635.475136
4425.812835 4013.302253
9644.981386 3254.533149
68.826290 6780.997335
9647.047884 1548.474581
5627.285161 5693.467568
1988.992330 4511.269286
9733.416061 5916.982823
9368.338074 5055.539984
9991.396880 9724.539260
5333.342147 2178.648256
1811.505642 8048.387016
6026.380496 4183.446898
611.349724 1380.226216
1361.546501 1934.592275
3229.069583 4702.410454
3700.829284 1962.014882
2568.717024 7357.723638
9399.307406 1507.742416
6828.512847 3061.813859
5783.594672 3902.259243
7000.285270 1144.535755
5983.607012 4176.351058
7075.935311 2718.224953
2530.087477 950.721759