4096
8861.229146 5696.705588
1480.106064 9548.549126
100.294843 7533.737679
6248.439200 5102.387608
9461.121081 3605.567330
23.171643 811.580349
8960.329555 431.366623
8276.069082 7519.928719
5532.611592 3561.889828
7672.448970 7640.825104
7791.858922 1867.884265
8057.081400 8683.047941
7754.163911 8450.415662
2044.946057 1241.821176
4494.048706 6531.479688
2410.661792 6655.125877
5962.263527 9372.861328
6254.542230 7424.362789
6013.382973 465.664037
9182.373275 9407.645030
7675.835930 3188.334015
9628.533454 7254.184785
1150.549085 7824.323957
8989.509110 9002.639361
5743.858091 7396.314981
2635.621249 6087.063247
6873.584492 6780.959410
5600.217933 8315.427144
604.593164 2934.243769
1973.166913 5440.203124
3295.147070 3892.969658
4297.719126 2968.536855
2314.063245 377.637232
9055.221409 9577.310471
2514.886049 1331.031652
7999.010358 7505.039101
4967.240223 8652.415826
530.050038 5936.993587
4930.652499 9071.746747
387.681144 4404.036249
6044.094737 3657.668258
400.555639 5481.446032
4839.030721 8896.538271
6661.304463 2914.636365
1296.303568 8674.999651
8540.576972 2131.217105
6906.414958 9915.566758
4891.068095 5776.342644
1924.647509 1489.011033
5658.633013 7928.498198
5773.648216 1636.765534
3983.492437 3632.331620
2216.043185 1522.549247
2648.023587 1114.523172
760.445023 7869.196064
335.093181 2174.839064
9612.183768 4647.052135
2740.220849 5535.199956
4755.720873 8138.263718
9161.374213 3154.861056
6136.441477 3368.212717
3410.381656 6014.908798
4297.466809 588.098954
19.976758 9114.047586
1713.573122 5590.964611
3460.967425 2016.416463
8874.757921 1893.150764
6780.353492 6012.776896
8749.091467 6266.092956
9816.036022 207.158365
6378.544537 6453.961497
8168.419632 2721.974828
8507.764838 8041.289395
9918.087889 8682.154882
5107.870732 647.145923
8986.968287 5580.902360
9089.787747 5706.731423
9415.626949 4654.135141
3641.260715 3120.938631
7337.332423 5936.708959
5831.912842 8971.182788
4706.422307 6601.623072
2641.943356 9769.489544
5073.273620 4097.696349
8540.076617 1812.162915
666.229682 7143.947362
6931.134033 2298.936417
3907.186491 7640.630388
539.371843 5349.325290
9388.058346 8193.882045
8807.992685 2131.352528
4722.688502 7686.384367
3813.985686 481.588859
8341.064379 3125.153090
7521.650325 4004.533917
3561.730593 9453.115394
711.374096 6410.614040
6959.217656 1116.400442
7689.928756 6681.047442
5628.460776 1242.107430
2153.167089 5961.955981
9114.108760 7770.693829
9321.226689 4642.969979
4669.533487 1300.363086
3370.622258 1676.221539
27.832367 4498.896870
2672.295316 5226.802022
7769.303130 2667.866225
2028.997118 4019.872779
9480.699996 4739.359365
2688.784750 6662.933634
3037.532552 7040.497637
2719.229008 6357.377056
9995.963006 5140.085841
8833.205720 1992.853905
4115.736575 777.923811
8913.922802 1612.745013
6207.634203 4474.681912
1100.606895 679.674212
5608.206369 9400.803613
2769.120981 2817.460250
1958.280737 885.298513
6678.587989 3678.983355
3165.177713 1966.733405
8718.765265 9261.797180
2552.826241 6768.801470
8282.587106 855.256382
2567.733430 9532.530012
8740.405393 5776.579364
6176.383092 9798.095142
8847.870190 2411.139982
1021.869145 6420.672060
2029.275103 2186.893873
5304.145257 6391.229285
6915.505297 5907.303659
6822.967035 8124.212739
690.464189 6173.132899
9662.410364 8145.366464
5294.804219 8300.141551
1519.901836 5614.619800
6276.287084 2367.026779
9395.641252 6678.092863
7764.116690 3296.205899
2183.034574 2644.390348
1407.711779 5094.897972
1312.326575 2196.039595
1463.822051 1911.766991
8475.313524 8983.283541
2498.714135 9875.953771
1255.748890 3633.073770
1452.457863 2369.450691
220.108893 7150.375218
9215.741537 6284.264737
558.498803 2512.586997
4910.354972 5500.132825
7287.234638 6207.925228
7780.998099 9642.543950
642.107805 8763.377446
4530.301749 4749.253167
2760.568739 8379.258788
4295.948343 1606.083696
5242.032315 8108.254889
2652.065013 7161.871636
3287.777849 3528.655126
1673.341782 3068.781666
643.543684 2816.198060
6008.037018 9299.475404
6316.215974 8066.010693
5572.303564 9723.931699
3216.834114 9336.716084
6265.318283 8402.624224
8636.911877 1073.989927
3885.799282 8938.283955
9380.563170 7574.927340
440.743322 4931.068384
2500.759010 8456.689000
5963.039775 7856.618778
8752.835242 4250.478713
4025.192177 6371.897133
758.147827 1591.559764
199.488165 4877.040054
1510.957238 1039.261474
145.164554 8933.413879
1865.113196 2935.837441
3241.644903 1442.507122
7579.661272 2294.603424
7192.214121 493.875527
9333.244515 3785.721938
3393.024937 2344.394745
1672.348983 6639.948460
3050.967992 2784.903575
3709.564565 900.910105
9979.025090 790.463911
7279.437224 7834.582908
5016.957521 3871.383745
2946.773036 6550.854502
188.834931 3710.615540
6745.654753 3114.634171
5380.768961 6548.116542
9419.358728 4482.295848
1223.045273 5.990016
138.426908 1606.643011
4436.798296 463.800868
5083.245508 3588.689465
804.759236 6751.266433
7645.519895 3742.065126
9164.678958 1452.112426
941.170037 8887.322967
5973.400738 4858.762215
7961.788536 9965.199168
3296.586389 1552.296942
1702.335673 9430.374694
8937.503850 5328.849372
2631.948377 2990.159256
755.719966 2709.191380
6982.765691 5837.093596
4220.346459 4289.942915
1894.018124 1049.585530
8212.307621 7411.986927
6145.587859 6033.485632
2425.109132 8253.779778
4014.645961 8513.652174
3831.129606 4948.053031
9034.725832 7999.768194
1618.088806 8007.151367
88.849382 6493.846227
4293.169828 5887.473919
4886.236196 1781.812284
3012.568741 9971.784546
5011.375391 7711.543404
5146.617530 9957.743511
4441.859993 2984.261211
2915.413001 3.217247
5272.021648 8651.815489
5434.253981 6030.501891
6147.329118 1128.879661
182.722071 9530.596557
9578.802941 2055.083646
9359.415983 8138.633783
8439.462856 2222.048936
4975.925901 8455.915720
6198.292092 6458.854842
8588.881558 4041.042216
5725.261616 843.985789
3645.864913 7287.289893
8953.031822 4908.436163
3094.992377 4850.017296
598.590382 1143.020415
1340.066171 4694.075795
7652.604684 3498.359497
9048.879171 1187.459997
4476.906261 9297.441551
5329.175597 8222.307981
4434.251920 5546.459746
8168.976150 4479.263145
3665.195971 3154.115895
1939.685686 1733.314202
7435.547474 6224.332609
4128.838080 3689.984884
3087.168958 4780.120458
5399.394928 2123.664611
2002.138507 7458.883443
6009.949607 8723.533102
7034.848693 708.241012
8432.645618 5246.807144
5468.553136 791.071401
6864.320266 6840.698675
5563.196703 2733.283120
9631.929664 2170.661400
1076.846069 3289.546801
2376.622250 558.988050
6174.895558 4008.260901
6985.390229 1534.824642
2473.009871 5107.996033
1287.790286 3899.258517
3719.272382 9617.122959
8665.411397 3672.413704
400.233958 5569.119212
322.350020 5814.931538
8661.919997 7702.049403
4125.408957 7736.302702
4665.293965 9459.440595
6978.927335 5715.195061
1886.529247 6674.870855
9831.193036 2963.107513
5110.497225 3384.833752
131.515603 469.772890
7738.141318 6521.240245
7.108216 8882.356324
2178.433643 6274.735884
1981.715390 2821.161122
3858.091781 6773.238186
115.121056 806.799508
3874.975305 7469.214616
9047.435610 4986.171756
6929.768054 719.317039
3089.421897 3395.919925
1406.565899 3327.946702
7617.188376 7877.683981
8365.291146 2555.541532
5054.146700 8419.347737
8086.798759 2985.020566
7872.208596 7703.850511
8923.494440 2570.926745
6754.898599 921.489473
7590.904999 4742.645150
2953.541006 9029.436514
6349.143210 2950.405944
8224.203527 7639.135836
6538.972457 8014.278297
8491.565153 785.696652
5008.060280 9191.682328
9123.995478 3032.381231
1304.125823 7185.504716
9203.822162 2386.179321
3320.018721 5361.288057
5017.044488 1329.806138
1239.237132 9359.811748
2004.049228 7189.506980
2776.076275 8685.308690
3898.287627 5000.524079
3016.387029 3203.026889
3252.134770 4227.698195
865.937113 976.053793
5305.933602 7172.498624
5388.292841 6376.651883
4870.863226 692.637997
8756.893467 3701.539921
7065.754827 1227.078348
2650.313803 153.918920
5265.098269 2820.981018
8600.017822 7572.998343
349.545833 1645.984987
6807.835026 7977.149755
3901.717611 4351.963649
2960.824212 489.737099
1309.128726 8365.945756
7024.239122 2478.962630
6902.127525 3351.614625
5450.424181 9530.157556
1021.222703 5199.486067
3825.515167 3427.881233
6471.094250 761.540194
5580.477918 1479.184807
7625.871087 4709.701411
9004.132224 461.048193
7084.988767 4727.482418
8364.377877 5725.962634
8944.082267 2885.076288
5557.081985 557.608321
9547.624620 4406.951985
4265.884484 118.951944
7364.034967 7156.028956
6468.896910 1925.193105
1685.997551 1496.491486
712.233000 7017.558146
5430.405541 8388.158449
5989.317713 9922.121952
2866.091684 3552.315779
9477.410910 7635.837772
3428.628305 8445.477648
7104.008413 865.983598
4619.934768 6418.580587
3764.226710 3996.791339
4275.387781 3260.775564
7102.385578 4174.934253
3806.722344 404.070217
2161.787335 357.646014
2341.184575 3413.792245
7380.051313 4801.246960
1659.143506 3620.044256
831.807991 705.552889
9189.291673 9908.940819
7201.500861 466.034236
1603.193623 8622.661002
6059.971126 9529.042012
4339.159262 942.503200
29.021969 4786.054569
7996.915501 1941.858459
8410.631708 6354.803376
1783.680940 4498.767202
754.802182 7585.342077
7908.963236 4690.934863
9618.541030 5026.516698
2727.724206 1778.485755
891.814808 7344.526983
7614.611425 5058.877247
3840.165304 8253.650729
8097.215317 6696.470787
3641.616180 2545.598340
5725.197215 9524.070344
9155.190951 9317.084749
8398.945950 5475.131414
1985.213596 9206.905873
4388.848251 1350.008983
2610.654556 2154.987127
6227.189897 1953.438535
4934.567289 7731.530942
2203.945154 6203.944764
1072.116559 5004.107752
4849.041052 2658.194064
2373.793468 577.217814
1089.401378 348.162837
5909.276953 6176.719064
6895.555398 20.274835
4378.304699 1099.249647
1952.800992 7209.116968
9398.895920 5402.689092
3021.523013 1163.892232
3666.156885 3843.638558
2207.170994 5895.618909
4657.413892 727.122001
6268.384745 2984.990080
4715.955390 7959.964920
6555.647042 5438.099976
1113.003058 3944.823751
9320.972231 3768.114061
11.349856 7622.053832
4083.408442 3736.011707
280.796505 2907.190478
8959.223024 1413.824693
1743.121580 4285.930682
7911.920567 3349.612540
5583.607070 795.649582
3544.813064 3789.488684
3974.560406 3448.476123
6796.178161 198.454467
8817.616301 6753.639419
5620.644136 7074.757025
5475.564148 8691.041672
5623.646341 4531.448220
1734.824279 4673.007954
1389.503361 4183.683637
1383.562068 7296.273959
7201.131898 4266.156731
3341.997911 2874.564339
3073.684502 6711.875002
9366.624669 996.815708
3707.669062 7623.253101
6600.383865 1161.450728
3841.494900 1357.937180
7280.185896 8507.456338
8774.571338 1425.509569
3970.079437 5667.590095
4682.594380 906.555494
5709.129464 9628.437472
9037.443096 4489.636271
5102.716317 7479.971224
7043.947449 4862.051757
2762.622312 304.154782
7720.253919 2900.331772
1840.258121 714.825488
5597.341898 9745.011919
6594.909911 2438.709539
5795.533600 6381.677498
4533.491628 8430.749774
3874.990759 3448.607028
7870.885043 729.027616
8211.885924 7140.936049
1301.035488 6222.393658
9833.638869 1306.388166
1282.337884 684.453373
7925.378989 444.701399
7651.483440 9234.203209
114.712663 4735.641105
3428.279667 7637.727840
3293.916771 408.523214
365.935665 5983.559158
7203.843466 7262.744803
4525.965200 9785.010111
7804.688470 9488.858516
4656.927391 4698.756974
9220.275401 9786.934562
3827.874254 627.158355
9342.892544 3437.973652
4420.740968 4618.180078
8590.990265 2936.333188
4485.330986 250.080986
7317.045338 4750.934720
601.324397 7291.896333
6095.713380 4583.934589
8069.495016 2583.766913
7807.695735 446.456369
5581.616199 4607.535258
2569.763146 9875.205137
5650.264255 7483.666069
4803.009361 5522.411746
3793.387675 6971.643028
7323.020796 88.750437
331.652961 1583.419309
7662.477005 2654.544284
4029.956713 9856.010414
5689.100634 5602.216936
3798.953205 5455.655576
6355.577201 2303.189272
7269.754741 564.090784
4713.552860 3681.898917
9884.168547 1914.295721
3511.825838 9149.118180
9643.598411 1944.470097
8613.637235 862.517769
3968.767184 8792.855915
2383.782728 7318.397254
20.578600 879.273855
4781.244067 8600.353948
4112.014508 7800.146104
2927.644483 7606.787949
7393.507152 9356.554722
21.635175 3465.953449
9823.725961 4186.237651
5421.160837 6817.493854
4161.663901 7688.250860
1165.739847 9954.651740
4625.987808 2990.977430
3209.619650 4069.381979
8884.474363 3909.623545
9199.119369 9547.684933
4504.305709 1002.193167
9088.135900 9962.505686
1831.036458 3555.624321
5224.718345 1350.702079
2201.542068 3093.972970
2274.119941 6152.485819
8427.721291 529.902230
2475.034088 7533.165528
9677.414888 9316.561886
2480.932983 888.471726
5139.815108 6580.705164
2818.678668 8591.183270
7577.606575 4123.621593
5206.952383 2643.549308
1578.461440 3917.170678
5483.987271 1291.448843
9709.354220 5434.189158
5729.322182 957.683485
9395.590796 3907.687417
4373.776781 2594.735070
3626.526118 1178.648498
1834.717965 6575.701388
8829.402410 5830.486973
7944.286796 7926.992647
730.760935 2309.593503
6034.236077 104.732133
645.600476 3131.645478
9343.636505 5712.711193
7022.249202 8077.881600
7216.649719 8025.571866
8396.014374 1815.792431
4336.555079 3633.602312
7753.798025 6854.196811
2820.439818 7786.083689
3593.203496 1935.391311
2922.378425 2924.573893
7427.542559 7334.697606
6641.786404 5575.176214
9326.888673 6381.934379
1299.225951 5726.856106
569.994543 6521.033042
4575.258684 4285.898460
8866.251921 2880.499874
6777.946914 9870.825673
2230.371821 8059.901187
3936.492097 3336.129369
2252.193202 5034.394899
7922.487331 5992.237423
409.456971 5144.957672
9313.229614 3094.459128
3226.955427 9143.128530
7569.756211 1877.717802
2251.332824 2158.508313
1501.954557 6008.398528
3182.205185 7935.405875
6257.397606 8657.397862
3714.384610 2869.171197
5727.275486 9290.083101
7788.388028 6537.531884
7296.416230 7343.174207
9656.411789 6367.096023
5454.260313 3937.822700
8420.065584 5497.145844
2330.473773 870.546816
5116.281025 7386.285639
5449.458354 82.838008
4814.736720 6143.464316
1259.155029 9504.246911
7131.615138 4125.285573
9372.630252 169.483290
8112.056314 4836.358106
7699.979211 270.638487
3431.299204 4887.883254
4536.131485 4107.041087
5820.824535 673.569121
7501.322429 2603.419528
7859.796701 4039.570585
8101.340704 5720.754035
4662.425041 8608.458995
7659.952682 6183.837847
8158.409298 5065.603176
7306.594881 4846.206246
124.545490 2158.731010
2340.064727 7168.276529
4508.878360 1292.999339
4164.169809 7227.237876
8733.354738 92.984932
9171.736999 9253.939306
9786.007403 2656.158619
7809.897665 6568.537907
1972.635240 3662.326290
8819.718704 8.387379
5929.664993 790.741298
6865.975245 8904.089415
5374.309863 8157.770952
791.220113 6057.735931
3700.853460 3673.350656
2723.716361 8208.553844
8348.682562 4936.352860
2624.124086 5473.340828
1022.663624 5573.645287
1663.999465 7434.344606
8775.281809 4775.136418
4438.110720 6436.109948
4394.108054 5055.578985
3123.773025 4768.957159
7802.959894 1135.351485
9530.638709 1260.420525
1179.755657 7819.347428
808.737887 7382.005724
6905.161151 6982.472041
4684.496684 4746.993859
4401.334693 6473.795942
9316.774089 4275.165060
7495.350998 3547.789123
7901.283657 708.158048
9792.070001 3867.232700
5345.876783 1877.383875
4178.324907 2200.294797
3222.692060 676.948051
7403.863982 7001.901175
3344.707563 9823.208216
4638.049467 3055.317787
2011.454697 901.676237
7565.105708 2374.519696
1787.208284 6259.694010
604.951418 5020.886224
6753.258940 9945.728423
166.895522 9902.048311
4825.197456 3014.987379
6663.726590 8644.605430
2166.914544 932.237600
7029.700560 8752.477096
6218.868477 1629.400246
9444.808360 2511.930564
3961.432236 9016.895451
2956.913198 7428.683591
7398.069537 7867.656357
4482.515251 5945.405695
2001.849237 1681.487532
9799.594349 9264.599798
2209.701070 4813.626978
7068.791459 4948.626214
2584.645142 5683.350252
2515.215646 8109.777240
6979.877157 5732.824320
5719.926102 42.553496
8908.473528 3934.790337
3812.625584 8943.123766
5902.950682 2132.263144
8617.154330 5953.319852
487.822848 1812.318570
809.955912 7705.599674
7703.111847 2575.841028
4087.536896 4648.909428
8640.653447 7893.431619
1315.263898 4827.630174
3352.574776 5439.611984
1689.602234 8703.310768
9203.137968 9892.235746
4382.506358 9525.867053
1759.959442 1055.245377
9423.264187 7850.450513
4478.513717 5580.215223
6533.045437 9985.986322
4878.465719 9820.236399
7550.022397 1766.135175
7792.238940 9847.896807
2486.284253 5913.597616
4766.073324 41.103546
4200.782837 7642.908736
2754.325810 1169.982079
3764.812829 4904.155055
5942.761474 7782.284258
8069.841380 5781.390897
4687.950766 1340.048817
2962.819315 2959.364619
776.111127 3789.174692
3781.484679 2973.708517
7043.428781 3687.816466
6274.506320 8977.221634
6935.373849 8740.232244
5152.675109 7885.515786
4015.705951 5224.190659
8121.501322 184.370488
9393.692005 3248.534190
5584.691660 5881.893029
8342.320011 6584.408198
2764.220522 3783.984951
6351.874463 2888.730021
1336.752822 3787.255940
710.206673 2430.752414
8579.971613 2170.114661
179.951484 7527.004072
3288.177757 482.802843
2092.152086 4044.164271
380.491979 8629.189952
4871.103633 4829.011981
9995.662367 3473.884921
8.306159 395.569081
4871.962519 2153.954286
340.809867 3374.903267
4936.625303 8946.231878
4917.504680 2157.856198
4990.083632 5416.570472
6080.196894 6169.136165
3137.854561 894.535841
4288.736519 3550.287279
1488.484711 4632.623036
8064.263562 5502.257505
8495.201333 5058.614075
5648.035979 6090.075646
7106.497407 7503.705963
1672.890970 1318.050088
740.835604 7039.308105
6889.163538 8347.868651
4902.963383 2088.574233
3239.688495 6464.717371
2307.856268 2138.786211
2610.275935 5588.313480
3941.891527 1072.740521
4483.180406 6056.607301
4290.718253 3388.668726
4426.504905 6787.087892
988.845990 7568.385243
8456.117406 3628.940517
9348.970259 5044.081716
1158.551139 8291.252110
4535.849535 3509.701574
2538.196420 8153.887688
6412.357929 1650.313177
2463.033939 3652.661355
4575.410863 4532.484628
7805.665962 7333.102436
6928.150904 8424.320316
8134.064096 9348.148456
6938.624530 8475.188841
21.844496 938.158951
3818.231428 8714.853813
6007.128048 5167.722227
7198.150797 3656.004260
2077.770857 1624.464351
8542.123629 4950.506631
8276.686586 8567.875386
504.908223 552.874571
8349.092511 6850.478430
606.191678 9522.139334
175.029155 9633.657751
8624.967514 9275.382991
8640.939559 202.881988
4157.004676 6974.627852
1823.685693 2619.466153
7711.517399 9642.391891
64.001127 1898.231428
6327.354146 8010.044589
6807.260380 3061.379683
7562.575840 5742.705785
300.905045 8573.452795
1764.984941 8282.307819
7272.630701 2322.660024
5857.953416 7425.324095
1293.188519 920.892789
1994.770914 491.139442
1389.003551 8344.343467
4684.155030 2845.771173
4439.303135 2701.734809
8988.732103 797.284821
1948.508485 3674.403120
3839.531581 1149.090717
2903.295765 3737.308133
7853.565024 3580.681242
4743.314532 2996.746959
7519.368132 9709.254444
6120.478474 1245.769720
2405.135129 1837.838215
7632.146289 740.414929
7642.479117 1860.328764
1998.886230 4423.024327
9070.562779 6192.536023
7705.643259 1249.888611
2791.318917 7632.169759
9974.024285 8785.586987
982.473541 1600.558235
5152.967030 1508.703644
1952.272063 5274.191625
826.172345 6042.110412
3760.719911 1133.049151
73.231005 2856.831456
1043.561367 9184.223463
3683.802613 4737.386343
6277.351102 9018.674194
4040.426645 6904.274312
7332.834775 8681.269185
4349.104811 7843.531936
8793.990817 1629.525610
2264.476011 906.687997
9703.674236 3759.362056
3012.060840 8703.190540
4787.063742 4149.251450
4256.608938 1444.473199
906.546951 1041.410848
2985.056255 5939.442711
3320.490073 1317.005203
6205.509253 7426.617047
6625.052564 9658.551263
844.482082 1348.478997
4203.173458 3318.701472
6742.671074 1711.161146
236.722348 123.558985
3653.680443 4946.296333
3291.157712 1813.790673
1252.719035 7909.904500
5607.335517 3209.107579
3774.677367 9313.762615
8345.000515 7366.234766
412.426653 9615.523200
8405.329505 517.076639
9991.945765 6880.168185
7670.272378 7346.369840
6468.709666 7046.737303
6802.879427 8627.286187
5068.313610 1952.926897
7583.345893 8476.549768
7851.082558 8878.862166
3397.213644 5333.929316
8949.287886 1882.966884
1987.495649 3489.846824
9784.308852 7996.032507
9831.502257 2698.683195
2585.597449 3854.210797
6407.980179 6149.063564
395.543830 7744.496085
506.731634 5763.603664
6308.655338 3712.438338
3336.968518 4401.714426
6689.842558 1533.458048
6101.075506 7442.436833
6219.952698 432.400756
5463.836087 567.008744
6670.650975 8492.199369
3015.609226 4420.263994
8032.169116 1882.773625
643.821939 259.759654
6501.479577 137.048702
5987.852889 4855.344911
7606.433914 182.748158
2266.728677 1744.843088
2986.804060 798.332256
9577.990727 797.037556
6426.557638 9132.615897
1842.869678 3746.918200
3221.389815 7639.727181
7848.421716 9218.449280
9042.697257 1373.029164
9925.832450 9634.727739
1268.100721 9389.844261
6323.982552 1287.067240
1379.203088 9237.822294
9037.320317 4933.295714
1684.242473 3901.084101
5466.794915 4409.463552
1347.541648 1198.030668
2238.482949 2150.484224
309.206304 6571.120586
8347.570916 9523.254574
6640.239752 599.310787
8203.106395 8782.507668
7838.289992 5327.659157
4594.580569 7123.187105
4337.973106 4698.336377
2993.898104 3828.843034
7266.996858 6329.763165
5983.753774 1202.396799
2437.279996 1061.435462
1269.591210 3461.823250
1972.339437 4307.082888
522.728757 3074.623057
2733.376483 7528.273849
8164.903326 2186.550201
96.819811 9009.878108
813.420728 6734.166911
6761.896429 3465.506061
8622.348516 742.283531
4180.102334 7157.107254
6203.760074 9818.241391
6445.108773 4957.399884
610.387492 3186.972637
523.335171 2067.143007
220.046662 825.247518
2004.637260 4676.331520
8598.127678 1718.551763
2353.962086 2928.628487
3904.634611 4077.259522
8561.810957 3575.241918
5992.807180 4766.708480
1045.381659 3243.048947
3585.780156 37.173236
7804.350663 5037.371061
1920.023750 5036.846456
7666.844278 4195.124925
5925.357255 7724.260095
3199.764652 1744.911694
1751.683899 8838.602208
5759.873507 4834.859806
1766.999965 6822.899173
2333.580230 4650.083265
7183.489821 4701.971944
8091.849340 1950.153028
4306.090654 3001.744904
2339.883373 2064.812357
5016.879127 3258.823025
4321.990919 6005.927592
5608.125123 8545.482939
4974.785729 7110.926475
9085.239386 9479.495582
8676.607061 1242.324804
8431.677589 1873.875734
3716.179521 3892.788159
5798.065841 7898.975165
4553.368834 9941.009885
5527.417910 2483.473970
4818.147060 5306.339852
6311.666616 564.280264
4792.542062 2883.273061
3771.045154 9706.251665
7181.391072 685.681850
2779.406043 4724.508122
7818.383137 9742.556451
3283.946528 4451.874526
3745.846317 7597.498634
4051.679190 1573.567068
8796.158727 6969.344794
9751.289772 7228.871027
4780.745460 448.317747
9914.789760 2357.674760
4220.619043 1499.849167
4885.213855 8493.495967
183.302176 912.979265
8468.716248 3603.009359
434.259530 7298.017008
301.630683 1308.380533
7283.143175 1819.881831
6326.889395 368.759776
4793.818185 1916.671989
2656.993931 8732.566060
4693.250099 6207.396339
3350.100308 4574.736503
7269.615207 364.947355
7462.165934 2367.785457
3229.853242 7020.973213
2005.020984 8778.056153
3581.486900 9875.398417
2963.280590 8829.203606
1417.334625 583.114742
2141.189538 8243.469497
4447.959772 8827.523862
5000.067726 7273.789102
3374.103764 6071.493745
2751.475741 7570.147518
6991.478242 8141.687056
1746.969965 6024.791853
4928.449580 3649.394768
6035.036010 8761.082980
8228.814420 7339.070708
7595.999629 8821.004381
9505.486619 4217.125192
5931.488188 823.764130
4096.374725 2577.076951
2635.093272 6640.887388
2309.448319 4786.917003
4103.660326 4889.999220
4099.041446 4826.737971
3390.463808 2137.539771
5057.475675 6956.774308
3010.893702 7821.359377
5301.704639 6667.531545
509.320241 7099.249093
7084.632515 3566.658372
4568.265474 500.490696
5343.979213 8674.734925
9602.289970 4414.462000
6618.434942 777.133196
4814.661066 4976.765876
5195.255013 8799.207798
7467.446304 9647.319677
3854.361296 4990.293445
1046.361763 7066.180896
6181.230823 2735.936837
5294.423548 6473.774862
6525.724360 3552.290042
7769.922550 2168.135977
5907.901431 9341.920573
7140.500225 1382.474556
6900.030901 5563.132665
5616.032695 991.439170
255.183022 8282.041729
7086.068183 8694.918682
2383.365472 5860.488336
5540.309025 9072.678384
1586.024265 844.240094
4261.564503 2363.168352
2321.824663 2223.086417
5082.877815 1912.094884
2273.076494 2460.008509
5420.420520 1272.536473
8278.625702 456.340940
6001.181746 1019.337234
3863.192346 233.867585
7689.042155 3906.724826
1847.190423 2406.871816
4062.739323 559.263625
6370.601707 3284.329876
9482.785848 1279.519017
5178.247510 8809.714424
5500.743218 9820.558287
340.174760 2843.328005
6984.769858 9311.978222
5257.776640 4478.669435
3132.399553 1257.464582
4507.228528 5150.201054
5368.566176 1680.863998
546.531589 5229.766832
9867.253963 6016.384844
8989.206831 4933.007891
7763.963645 7597.797124
9716.758825 2500.959327
8734.856173 8000.422176
5894.869004 637.466240
1807.252899 8725.125408
9381.986506 1345.064408
6922.705989 5775.464123
4516.903031 978.348462
3203.895157 4782.998500
1604.826786 1318.991170
3498.922152 8066.665612
9906.971579 7801.832478
6969.867303 5674.647100
9971.430327 5119.711271
2444.062357 1286.983798
3780.840193 4834.029411
5448.444428 638.235055
582.417910 2371.162947
1943.932813 4483.178778
5086.699135 3413.409188
3094.111418 6570.681553
2640.757377 6042.905859
4170.835734 136.038768
2954.614704 7935.255211
5554.401039 2934.982691
7768.788416 9720.630344
1056.538086 9781.561389
2329.982950 3738.874650
8408.276659 9589.639845
4194.636708 4264.927412
239.969441 2254.057380
7260.357446 5454.756342
1693.255426 5669.110867
690.734354 9266.343803
8706.012726 7255.949447
2056.181906 9769.891049
2050.805149 7821.526650
6223.164140 9111.218947
1438.781046 319.371245
2143.231844 2946.261434
2943.441613 3153.024559
6215.666542 3978.502208
138.741516 8870.905051
6355.352067 7597.368779
7770.714841 5532.660140
542.682639 5804.973042
8484.975536 5287.788976
1693.873718 9404.162271
9633.724763 4721.360273
7352.540062 68.295986
1450.786008 6688.783321
8741.343136 5096.693636
8344.795586 5518.321571
4220.078017 1653.692855
7301.914226 4958.608870
9053.384261 5432.959437
2659.252490 2612.739539
5266.376723 4484.911796
5228.688253 3254.819440
7685.117805 6493.511226
9950.266693 4036.328650
3145.499945 1796.977311
1765.187024 2344.145620
6203.454501 670.892400
9776.149453 3529.672460
788.847843 8322.404158
9393.114290 5761.070024
9340.870805 5925.734081
5298.753070 340.739079
6852.436102 5542.253240
1883.060964 6536.685571
8865.763880 1343.591455
145.961439 7674.458129
187.935456 6301.099356
6264.396024 2219.522595
3677.955501 524.135093
3149.216368 9620.101443
848.479141 2320.398713
6776.501914 2456.746890
8202.374527 5110.231226
1397.394749 3109.738895
3411.606250 1705.262006
7.765154 6025.624713
5633.365678 1821.206350
4439.578558 850.357033
8151.495750 9003.357959
9079.151352 9808.841715
706.172582 2201.204851
4260.099282 5245.809610
8033.758930 5674.398679
6389.497281 4614.839543
7913.225228 6599.701026
2357.715814 1299.674106
8314.821897 9237.277928
8143.250008 5948.968358
6845.222800 2334.198298
2469.744537 340.879501
1615.360251 4917.559943
5357.951679 4484.716108
1938.583878 8674.030900
6520.430463 6506.245091
1328.781571 9353.448577
7349.980038 6477.059356
5513.780616 2145.507496
746.626560 7655.553402
3845.202771 4187.997182
3597.183740 2951.987586
6729.638707 45.887314
1793.221867 6300.508365
7778.917510 9937.285154
222.781885 1141.982757
7680.497681 6954.991035
4225.704523 6873.851786
3190.180316 2287.180760
9150.004935 8822.488633
6204.275169 4446.803825
8827.642377 9368.014327
1570.896362 9940.673780
7627.960582 6476.571672
8655.615647 5217.710081
3071.822552 8827.568877
1054.705742 3785.210484
263.080585 7776.020882
5847.953120 1635.441701
6795.397581 5515.536719
8722.402072 2090.676496
2416.652972 9969.436987
1110.633116 8218.581223
9483.523158 7362.305876
7361.148606 4885.463653
7407.890238 8874.295680
1504.463680 6679.430465
8290.009361 7811.906188
6900.177806 4156.114331
2103.566272 7878.080664
1151.252654 294.252046
4165.852769 6919.385901
5680.736060 6385.167728
8167.491584 3125.666173
5496.935228 4741.472924
98.929653 6135.319142
9253.805487 9093.101764
1993.989971 8715.040781
4406.620030 3644.269562
2153.212600 901.895037
7439.412057 7162.463576
5301.128828 7364.243671
1999.559933 2139.143969
6589.732565 4031.104929
4276.287287 2605.544259
3783.927574 8760.710176
5921.449064 3885.631210
9086.280687 5182.808919
5105.556179 5966.563588
8593.180844 8598.156758
2228.626128 318.545171
7686.714812 807.730629
9164.011647 2784.716007
1203.855319 2750.661093
8578.620641 8267.818287
3352.109494 1696.019519
9189.961637 8646.514034
8591.925355 4914.058047
151.582792 2494.646335
3592.424854 8412.829581
9703.507841 2637.243006
7439.594476 5356.656838
8334.660542 7636.445744
145.248975 5720.327990
3724.615181 5663.307674
1653.773156 6003.698269
5180.669478 1888.829592
7750.867601 4668.944962
2328.525302 797.332527
5523.346263 919.632106
8131.723120 8489.254282
1655.927387 4445.216404
5371.646764 991.432841
2192.987182 8995.259344
6290.850468 265.364279
6815.690222 4342.249810
8673.367874 331.209125
8643.213789 9686.695842
572.995081 4535.215616
7975.647482 6425.302047
7007.678259 5168.339423
4791.209718 3234.779406
301.493653 9477.427212
1274.441174 8463.414927
5108.111960 5147.535394
92.169268 7242.585703
7178.602857 6686.856032
7352.006275 7794.467186
6102.993752 8580.274078
8271.432715 6793.643664
1993.125840 8064.513589
1535.785326 5472.550791
4707.949835 9266.997209
2381.316834 4308.496289
2383.466904 9272.715557
2402.295957 7309.134138
8590.582366 5200.624729
2127.327124 5601.096661
5928.966792 1100.270223
4077.632705 9663.937485
597.513401 1451.723901
9754.848187 5676.061828
557.378212 7009.290010
835.264052 3487.925655
9801.542505 5627.940418
4488.669368 7345.669823
332.643668 734.378184
7818.201560 8447.902772
8352.588651 1599.906195
8653.525419 3794.008317
9884.604176 6694.869980
5487.707978 7522.611539
2159.907579 1122.864804
6275.758190 7286.483633
7805.881219 2773.105183
1951.924497 5404.257121
8684.085568 8774.613327
4491.529934 9147.376941
7997.726772 4503.809416
1820.662667 3880.659977
4443.703622 1603.734722
378.752880 1238.560951
3174.176371 2929.339331
7116.301173 617.528588
8283.129550 2951.788031
5383.963337 7606.625115
9234.573139 472.998694
5104.326337 6128.274672
8919.677504 5461.329929
10.079776 3814.668386
5980.769758 999.385077
2170.359009 2955.403454
2035.053727 9113.627561
9671.421620 6541.941677
6569.754674 8825.590791
2172.213974 9415.810847
9930.905318 9782.371160
1566.268703 52.214611
1826.633183 1308.280683
7349.166235 8699.797878
905.099710 3382.419123
4967.054453 3330.032744
5712.508613 4734.382688
9147.071984 4991.698536
8616.738768 4214.446292
596.909362 222.012613
8252.831847 4436.889636
7897.320076 5776.171150
6653.994309 7841.266917
8045.583363 2150.055404
1459.615610 4085.549790
3009.603587 3939.048603
8307.092867 6325.282711
351.095039 1528.262910
1650.071567 5967.255882
119.518752 4272.673375
7156.734267 6534.843065
786.091164 8446.794821
9536.452262 8769.125304
1002.446352 4910.747307
5328.391840 6735.189700
2114.517943 2838.733626
6412.857835 367.561363
6904.183734 2294.642671
8381.498767 773.940606
5499.469919 9120.895852
3929.198187 8564.882893
6459.045368 6444.537530
7414.244897 8687.300818
7702.038965 7971.089120
4306.293534 6915.233315
9979.255958 3303.506657
1505.198820 2868.950243
6214.196968 6264.491157
7189.566561 1990.731240
3050.392627 7445.386600
1341.387774 1802.634270
9393.521857 7986.658151
5577.204678 8452.774985
9095.349208 1743.207338
7929.923426 5046.180864
3183.111688 8397.952244
6243.433568 9000.354648
2939.931062 8017.747180
3091.066261 2785.776633
8358.275089 6054.379124
801.367361 5972.833723
9360.570702 9808.470125
3898.650758 240.888178
7790.661948 7119.784471
74.406175 2170.966630
6779.920162 9149.049361
9789.081105 2676.959219
9002.851955 1701.581853
500.870584 2682.376229
553.228648 1099.778646
8791.398966 1024.870049
7046.216960 7279.337535
8689.597814 4340.796509
9625.301714 5384.504037
4340.294673 443.109922
737.278451 2256.739939
7097.956797 7867.239560
8878.817086 4140.292069
7323.670022 559.493393
2473.325917 9581.197993
1705.241368 4798.409778
8017.687921 1285.350286
5494.155831 2199.904679
4828.746271 1242.543181
5512.110940 3990.883806
4597.398756 2088.743933
3267.247916 7592.886295
2164.709579 7258.875577
1605.910831 9963.653285
9819.834827 624.245253
3525.147332 5683.843215
938.280305 6528.996887
2379.136262 8664.307673
5800.552629 9275.598875
9659.361644 345.415069
5294.949915 11.130238
6196.306248 9937.445162
3006.150478 1089.552228
3627.913373 5931.705110
9973.456960 4487.901288
1397.718680 3704.227995
3869.125466 9326.722211
5490.660438 9817.682941
4267.477516 6388.797429
3179.587298 1381.474286
1379.653652 1781.569656
2251.189871 4079.726300
7956.771340 1079.627205
80.944530 3654.926833
4549.478674 5705.735082
6537.889890 4871.775502
3956.308692 4485.011402
949.785443 3817.341918
7514.500166 9379.558562
7290.586419 8562.585970
1693.856548 9813.684488
1309.977800 4496.773979
4585.736275 8694.390657
2866.492432 622.518454
5862.337750 6845.389342
2093.173073 6458.200037
6419.282841 7.370706
4661.253477 6753.761503
4287.685662 9052.724672
2950.104475 2415.801242
282.945055 3147.006680
617.664504 1448.459458
6934.389382 6511.265983
7362.355832 4867.589510
1289.793690 6668.438246
7229.653064 9265.514541
594.774378 6857.977023
1603.263968 5996.111050
5216.166832 5868.022868
1958.535139 5787.782916
9604.960354 6784.257486
437.882252 1882.298079
7687.646475 9304.113807
4617.043804 1552.317002
4146.709156 8844.839378
8835.867630 5366.457532
9182.722158 6406.720729
3903.243568 38.112086
5210.713153 6144.811251
1186.086267 5578.987999
7105.777802 4863.172657
4796.299364 344.815630
6624.306146 2244.280124
7187.049105 686.013524
470.118685 3786.880025
5449.451485 7096.197051
271.847698 625.291324
182.551990 1691.669084
2784.401665 8251.445570
1692.828862 6679.074155
9106.344500 1719.649200
2204.363793 4468.352321
2629.012645 8554.457760
6086.045198 5910.773722
6446.540440 1190.482392
8074.990745 1152.810157
5327.803410 5653.319792
8615.753368 6426.748716
6087.719003 7482.413705
6057.827628 3317.797034
6896.573275 3740.476690
3360.433431 2680.230019
8684.802288 9918.895545
1526.401621 8451.209659
5388.068430 2460.306254
5827.230019 9808.597515
3820.667142 678.533240
664.466517 3476.226155
6253.562209 9434.541567
8354.734536 2476.270530
3474.484857 306.175363
3196.065084 6058.137350
5157.947150 9083.839005
7740.310025 8144.772612
6621.850969 2828.893114
1155.266348 2312.908234
5390.360373 2919.929738
2069.854805 2298.244980
5196.171029 7299.208606
6347.396353 1559.136105
5526.316660 6701.335714
390.663373 7968.456138
3190.079729 4042.605430
5175.846234 7492.935703
1677.339854 6866.119274
5408.456841 1403.208571
1566.599851 7912.789572
115.001952 9736.514219
9797.256067 1855.878325
3708.083950 3189.286941
3777.081691 4268.456825
7221.735360 9248.608602
9935.724249 8042.903841
7707.916190 799.820329
7494.599590 2003.240025
285.603962 7623.380112
2819.437859 565.821202
1035.232776 6584.448639
7038.277082 9231.463401
1158.654103 8379.592015
6614.310832 4982.093100
1223.612969 7140.186925
9829.746254 3394.334288
8370.558247 7141.599394
7241.317099 570.593193
5447.520560 8421.993747
7810.016816 4902.843437
3466.377134 9945.271230
2214.800257 658.397019
1341.698155 9032.705410
6008.183184 1837.137749
9852.888588 2437.254703
4560.326961 1305.881863
8685.754815 7319.919801
7661.530308 6443.123737
3207.679920 3434.118487
9962.082283 6683.295836
2732.360263 8957.161183
2049.990259 9945.098610
5830.386515 9707.934844
6816.584150 2088.924466
3410.212326 7097.449878
2835.311201 453.474329
2886.303182 7319.781298
3575.225079 7791.709299
653.722566 5987.388023
2355.175559 6218.083035
5805.769765 6251.460559
1876.421120 1502.560403
7753.093558 6816.541829
1064.979521 497.514273
4923.496892 5658.662448
1099.266853 817.800090
3257.347968 2127.037002
5101.766765 4728.297621
887.865092 7784.799053
5020.706446 5876.998417
4376.045997 8006.437325
144.400403 831.361152
784.744040 1358.170977
6815.741594 3849.221949
8008.087912 9697.941980
7802.680934 7807.699511
7549.793129 9582.288733
5963.732483 447.160876
7016.852067 6016.317229
5829.928056 6114.600750
8103.527560 8363.897494
1927.331474 2211.539175
8173.418800 6885.924235
565.267218 9325.977805
1764.762295 3803.149876
6299.610365 3906.904882
4954.544068 7021.152689
939.150619 8748.294393
8445.608013 9751.335522
5209.835757 3782.249346
2510.249232 9712.193876
1353.530922 6031.587869
5018.708092 5026.926132
7138.060967 1564.125910
1236.470340 586.195613
9899.703629 8301.400108
3003.061039 6418.694761
9790.183239 9927.144707
6140.913578 7700.579511
2587.375126 9454.038200
2173.314696 7548.067560
1668.933130 1868.871984
5780.645839 3875.282843
2923.972443 3609.047446
3655.397085 1907.951127
740.532075 6212.201083
932.252588 8600.530198
3764.731886 8329.624711
4902.129651 9863.599826
9020.569159 4912.472571
3456.920776 4183.306350
39.799258 6732.801991
2148.450344 7010.865088
2663.260755 7385.363451
6616.695185 1711.833685
4541.385442 5129.192676
6472.023561 4915.397504
7348.767907 7790.304146
5933.196572 2320.445393
5639.762569 1191.067258
7100.736424 6359.890299
7673.625226 2889.028171
2528.149890 5128.121276
4556.090015 7883.803595
2128.847212 4863.181917
3538.587300 7253.804946
2303.086147 5402.481135
1093.712927 1645.997002
9523.465239 6273.494437
4297.486546 7642.171946
6784.649226 130.188256
2662.690420 8652.220869
2490.961075 3019.789212
7432.788392 8525.055161
9503.626328 3420.930819
4894.137313 8890.447079
2793.573271 9591.114747
2456.215327 5367.170005
6389.771803 2469.132997
6163.385420 74.923397
8106.345695 3907.908632
7052.587629 1602.226569
8923.316695 6671.043631
6837.075948 3464.151462
1846.521565 4801.307056
7012.402457 1906.303073
3881.196031 2369.882883
6791.197043 8314.061366
327.850547 3222.723860
5019.403374 5711.482747
6634.718877 5704.017515
9035.267833 5991.608468
335.227432 3110.901078
9858.635417 9838.548549
3499.980277 6792.946771
8928.989153 2596.350670
7287.635306 5584.637565
1323.851289 700.412755
8612.880068 4451.634811
5156.277330 3572.717614
6525.631881 4172.366718
2187.102382 3213.113025
4430.465039 4961.446342
1877.886274 9202.856412
1367.076137 4321.393203
2930.288464 5438.398928
8999.503224 1017.797629
8350.631186 1879.466273
3320.312407 1868.573162
4504.883934 4862.771348
4760.542938 3605.532235
4702.673108 6223.808370
8471.598181 4751.138157
4546.260856 8725.161755
7162.997626 4579.081395
6400.145454 7273.278407
5712.366012 9960.422194
8918.672102 2838.685870
1709.927994 7358.440021
512.803820 7674.122895
8722.941317 7260.219430
4679.102172 2150.096382
9940.793853 603.803268
460.441774 2762.323337
5445.940312 3704.121471
4089.670649 7590.003370
5866.378153 471.513331
8299.028589 1394.007342
1703.891494 7887.676323
7486.267342 3101.240089
4466.276967 5108.983415
3306.213684 326.868657
5602.198311 1736.707055
9993.008286 3666.470149
441.698865 697.747464
3476.522802 6855.533476
4709.057688 8700.583935
1368.230752 9777.796941
6802.069376 2396.916718
1726.908323 40.497568
6169.198596 4251.145845
41.554776 297.399639
1037.410382 9398.165341
8853.061057 4968.950227
8252.361054 6758.859766
330.991196 2234.090701
1327.351032 3017.360956
4507.554919 4229.811415
4491.179619 9394.124363
6964.257749 1638.390341
808.124042 3145.296536
5191.764262 7494.519246
8299.093906 3840.067034
8385.218279 9717.070363
8945.039479 8125.733432
2761.407021 2816.222830
5582.673255 8443.026873
9009.065763 3783.458164
9428.705596 6901.830849
1591.718359 3554.323365
9895.408600 4941.016768
7028.080576 9896.884982
2711.479495 9597.447353
9904.002927 6653.628056
3614.235807 174.178771
1162.265740 6310.190857
2620.044715 735.223106
6355.364446 1653.752136
3526.046839 5080.923825
5224.910522 2278.194586
4586.520173 633.866220
4741.650108 1444.206768
5222.853548 7505.730144
9718.095949 6908.045871
8324.591383 3698.578643
8543.681973 973.541757
2113.272792 1644.450180
4380.448258 8388.253983
8659.928148 9223.982913
4617.968610 1828.462409
2906.420503 4141.190868
4396.258590 2225.302029
3089.108722 7880.123601
1764.053730 2538.096057
1581.236083 5910.670987
3483.350561 5970.065488
3568.394092 96.316826
1553.875069 1523.557820
7892.709079 8249.338543
2482.125252 992.678275
9573.385569 344.555442
8685.821882 7607.150716
2414.511785 8044.057321
470.496229 4633.971296
6525.233021 5557.004081
3234.539331 5106.670533
3292.028222 6344.516967
8727.065463 8537.271284
1293.583950 1470.389175
9486.149204 4837.746746
2890.261221 6646.171307
4199.628347 4212.413568
7979.090080 2043.174190
476.735221 6628.828416
8357.440453 5317.154800
8188.294862 2081.653436
1121.545277 2815.246511
1018.042625 484.140372
5580.680427 636.487804
8749.593508 6527.706018
2281.268656 4415.102880
3138.717882 4806.593658
5507.930916 915.489156
9019.418403 8077.086219
9576.612807 4620.041417
485.019896 5001.742916
7803.471975 4367.455119
2562.969651 7681.265845
782.810099 6910.460191
2805.295485 1405.331686
3488.311779 9942.680408
1929.098518 4885.694130
4424.266533 2320.799096
3808.610344 1042.888488
2950.622443 6933.600053
8876.314770 1488.737708
2369.755969 2892.409627
8153.328913 3795.326501
3427.469743 6227.927657
347.737966 977.076796
779.614221 3516.803339
5823.643113 1235.460944
6238.435048 2925.110718
8147.820946 4571.271200
6486.925726 6527.023936
3177.527943 8973.405360
9106.796345 1656.039618
5825.134005 6003.107556
690.837506 4587.901958
8495.816971 690.162602
6401.398481 8029.452237
3273.464765 5093.606637
4400.332438 3225.854733
8393.711179 7890.693448
2978.231491 2912.460959
4015.318497 4597.858977
5241.134096 2902.867000
6064.824441 802.102745
1952.201378 6886.413603
6204.460244 9317.389643
6340.949017 2727.662659
2742.353714 1001.435239
2258.491677 1129.023935
7976.010053 7262.391800
3783.930711 8422.194310
2719.250042 2954.699994
8162.035083 8455.107396
7857.488486 7269.898731
1671.068486 82.260779
8001.286097 4448.000627
8458.299324 413.009241
1026.329209 3146.961211
6964.551697 4527.624434
1991.656488 2653.584991
9294.330450 2043.008866
8693.389465 5199.582188
1868.212179 8825.361188
259.331690 6946.594460
9267.692113 1018.220867
18.707187 7009.721660
1648.115570 1041.809398
610.402373 1154.620021
6542.134379 9756.676036
7776.340984 4009.473655
1154.887531 6424.330115
5793.801540 2601.349625
748.988776 5564.566735
9005.547414 932.193803
5711.658313 4749.970819
8464.347229 4807.016725
8313.150400 361.698428
1479.622284 4160.526255
4546.292609 9530.660595
6501.636381 1141.002481
3964.475171 728.319340
732.746621 1616.561110
9775.503699 8636.950002
7189.075021 6831.859598
5777.344642 4254.277550
7757.458694 9568.944790
9739.752434 355.234276
8252.487615 7663.365753
3862.799124 9799.467679
4249.037044 6596.185001
690.657423 240.909798
7610.658004 7006.723598
814.399074 933.890280
3781.466450 7648.367407
5787.397141 1223.040429
1764.703819 3248.738161
7955.229024 9713.512159
628.309625 5306.245042
647.815934 684.201825
1025.321023 8648.105979
9151.612014 7236.695088
9008.790642 1855.527528
3946.843480 3763.724309
3857.735329 9124.317684
7511.231848 2868.809624
8630.125649 3505.816948
6161.664089 9394.723810
5576.703058 3741.582401
2737.840802 8961.015284
2503.842844 379.889301
2138.878380 3595.655996
3765.081779 4208.734254
5171.653712 6102.246446
5278.486590 6690.113326
188.980975 1301.695458
1272.211397 8441.578599
5434.042961 6130.299686
8077.350206 7951.115861
8331.496627 3596.377904
4137.119576 97.539994
1833.177168 625.509032
511.623467 1428.303051
1598.152657 5889.858924
3057.624693 5966.770318
8521.212486 2344.028304
2519.782631 3438.000076
1326.897530 2147.503959
9315.796776 5029.350935
2700.377242 8035.366557
8780.591791 3683.563822
7012.351868 6451.119686
8867.173636 6531.910955
7516.360582 228.591601
6227.761500 8321.320161
8171.420735 5174.774381
2379.936679 8590.601444
6309.248882 4264.340983
1759.620971 8811.594741
4320.569655 2006.843193
2310.977886 1253.356478
18.804031 2830.331696
3844.993769 9014.994472
2939.792789 3124.358468
171.892073 920.446827
4075.219168 2520.350558
269.136257 5726.019896
7877.328591 5407.141470
7803.271987 7290.997240
7675.352650 8406.107003
4824.251085 5561.276786
7407.167822 2663.244413
1422.168175 865.487688
7803.455996 6639.262982
9226.070400 2514.920563
6336.474515 2786.849065
1118.753022 1064.956943
8286.069259 8689.750374
878.098694 2683.163167
5071.130904 9368.347910
6820.133243 3126.053135
1638.201528 9102.452144
934.592739 3953.973965
6920.081893 3012.070906
5292.195608 830.161075
4784.507643 1160.747805
1094.032764 7462.656141
1128.094151 6226.487754
694.135125 2205.316767
8233.525544 5211.734573
2561.073415 2247.311830
6486.087068 4822.437113
73.988926 3342.475475
952.908153 6430.310831
2334.923037 3055.280666
7890.131829 3884.832760
6869.225271 2654.334212
2512.269258 3774.196265
8763.851442 7550.741039
4970.297862 5602.440796
4854.058787 2717.590328
6582.521757 8828.859700
2674.308863 3765.071453
7568.019352 8848.467479
842.542222 4169.289209
2264.481413 1098.244229
7408.268118 5022.925729
9494.744084 8544.597150
9732.446451 4083.124875
3378.643851 7875.447587
9211.982876 9551.794556
3347.045650 6676.210748
5222.799269 7571.369265
6300.106004 8878.136647
3357.608411 398.045185
3536.770156 8522.821255
9088.931535 5139.395958
1250.033695 8904.092355
3034.303277 9622.176883
3701.654755 1441.585068
2777.872381 9919.784764
6325.354082 5124.768180
2887.257984 6805.889625
2324.436802 605.079032
1538.640429 8096.649972
7854.229729 3970.942347
6768.664757 5602.235106
2118.607261 1775.283461
801.985089 3900.248654
5830.975339 4532.538042
3268.846539 9523.194510
7745.841837 8075.088421
7714.995803 168.131142
203.454388 7963.419875
5077.610179 4364.890326
4022.272012 685.626900
4154.237967 7144.144859
7677.898520 4621.748231
1656.403841 8412.420587
5709.057393 409.900413
4193.022514 8800.331740
7915.922279 6830.820832
3702.253739 1224.135066
5314.825373 5458.824425
6637.008786 831.510862
6310.913061 5653.939292
2953.144575 5633.913321
8042.901166 8752.423823
3623.725569 3448.929227
2849.920365 6413.317123
2985.831221 1263.086916
3129.690125 9027.423172
4098.177539 1072.512379
3769.720136 4470.145763
7945.279124 8417.815750
2548.959529 6889.948116
2510.784236 5850.443782
8961.257897 2884.326518
9420.401969 1949.227020
7093.041157 7702.010967
4698.756281 6724.423876
8581.917218 5441.568851
7855.554312 3194.664256
7292.706186 9100.048725
9300.413193 2548.721995
3701.167805 4090.295316
6116.278129 6321.981542
9896.949240 8409.432631
7824.786951 7625.686501
2313.242967 8153.308011
2029.144109 5879.281310
4836.949545 2051.670227
6447.352652 5579.694525
6617.711331 4874.752540
7889.337837 1595.156314
6200.617799 5847.480436
3512.652705 437.986115
5324.551379 2422.284241
685.804181 2666.106874
103.244514 8094.636514
2860.450081 9870.484147
274.319949 6362.856831
3951.577129 4150.049474
7842.934482 4922.173461
970.091108 9222.170442
7322.907961 9956.293747
2316.439859 9205.369319
5721.238827 1858.688879
2468.983605 5035.869462
1382.291503 5866.040749
3479.429632 7104.328472
3491.959300 8543.920882
9365.211772 5943.326601
7292.857894 9960.164361
686.971116 3685.252415
2761.337407 6907.150476
3307.013168 4438.743732
8917.628174 1947.781932
4052.086827 3889.758566
7904.950762 3381.227437
1086.625620 198.487574
1361.228312 1990.113965
4748.336167 1378.176656
5636.494126 5073.215140
8595.123774 9303.415178
2649.691096 57.767673
2595.963162 1797.181142
2479.599319 3548.732371
6589.273458 605.131000
4368.938560 3580.595207
6585.417812 9688.021164
1535.688707 9823.209587
5883.813444 6582.113680
4703.751037 1828.308289
3581.161176 4337.368141
2119.392799 4438.977823
1526.704418 8668.618620
173.305615 6577.067780
4130.286277 5420.296069
3689.492642 8137.248593
4815.750374 1959.501097
127.269503 9510.847602
5201.112820 4109.596098
3613.119584 6735.881565
5201.742050 4968.506768
9067.303322 2985.022334
8564.685460 1493.272494
1577.711502 8156.409039
4647.299266 3929.282707
7121.198079 1805.975579
6270.378191 1489.872445
2197.068774 9337.343041
540.115335 3585.700407
6088.602078 4826.386531
6435.101888 6594.471507
7481.004501 8018.711699
9472.753807 9326.312317
9455.074000 7002.732851
3490.562354 9323.322700
6540.866479 5431.473243
2392.117592 1346.160726
8184.535967 4234.620628
3972.336496 5097.306258
8511.145712 1170.362744
908.703787 719.895967
9918.608591 5849.619052
2191.944229 6289.060436
5037.350112 561.746358
853.670652 8667.590673
8735.996485 7680.498137
6006.888607 1143.605959
2341.989228 2676.200545
4289.270772 3252.458352
3551.878738 4889.070559
1626.549147 9665.305406
9956.020803 4619.020546
3231.116069 2886.784649
8169.627698 337.530202
7553.761505 1829.125157
4284.430986 5651.007438
4127.229387 4379.672356
7110.739972 4831.022976
4429.240235 2577.445684
4235.194989 8637.705151
9059.827534 7769.143735
7612.359505 2466.232179
531.712623 8761.346022
1833.473820 8323.171088
8078.366443 8129.676506
3651.257344 8498.636952
4079.936887 7532.837180
2179.340813 4090.266592
2390.205344 208.487144
2627.619131 2608.514358
6964.614419 7701.259094
5478.973994 6491.543151
6869.672587 1098.888885
7907.668066 6752.208432
4184.316853 7728.168993
8528.458073 7880.585857
7891.653214 7171.698801
6195.833083 7450.013557
3509.934478 5120.235862
9160.491044 7257.647452
4512.656047 6988.779380
3405.499737 3852.775692
9411.705863 2726.302176
8759.513187 2249.629610
3989.002059 364.837146
3105.699982 9491.713491
9527.227795 7357.295309
8596.426929 3148.132071
3617.954837 1371.093345
5160.500179 3424.120353
1862.630768 7413.951422
3987.517737 1111.132580
6070.780600 4376.934090
2388.026512 8427.825292
6371.394930 2917.300336
857.477187 2326.030178
9303.761499 3465.073672
8422.609020 7304.436248
1147.487650 3090.790803
9308.879304 7297.579603
7733.638885 332.916811
1121.632542 8745.910462
7600.238951 7134.669168
6313.235277 7203.440503
5662.702673 3783.140012
1657.457328 2463.372910
3954.976240 3915.601153
9188.358463 8577.912086
4451.795821 7316.866149
4999.500150 5280.743404
5520.048784 6644.438183
2063.782398 859.826750
8402.889000 4054.322620
2135.971072 7602.426315
3237.749252 2628.865724
6258.998412 5444.852592
2467.518516 4313.818591
557.184806 6906.509164
1821.652639 5718.637293
4160.257574 3735.060557
4197.740297 4838.946273
9739.399881 5857.270796
5939.197273 7592.045392
3220.727742 7583.482914
8664.039651 8813.860823
6866.755154 9037.242177
7241.773605 1804.225810
1775.357784 6185.979576
5199.763586 6901.947125
6669.621647 3849.340015
7232.542567 1162.586059
4070.408902 7078.444463
7161.575902 7995.948304
2114.402251 7656.504973
9731.386137 1039.278699
4149.474855 5538.409004
1532.204146 6245.869012
367.024244 4578.288971
3948.226295 1449.588833
7953.536149 9175.220722
8900.016455 2314.008190
8498.353112 2794.568073
4139.240305 3100.371765
1249.475927 4861.955789
7436.097036 927.164394
2852.998101 8834.239915
5352.896797 5303.439994
3705.929313 4476.309556
1196.429992 699.991247
639.275394 1072.288870
3150.109433 3618.423063
2422.199766 4204.880919
4622.910348 8261.192767
5222.674534 4960.052860
5374.465581 3204.322971
3255.515460 3958.545286
5431.175069 3062.125550
6681.278187 4719.970261
1542.917598 5816.329063
792.931702 5467.962406
5000.060903 6859.065831
6213.430966 1337.200194
8190.090440 9743.522932
1812.099469 8733.509148
3361.538943 9106.915299
1305.130871 8657.226208
1325.186597 8353.380349
4798.828089 3797.552781
6435.372984 9997.229678
3160.239895 428.470888
6859.146146 131.837582
4723.274750 9483.330745
8245.947882 733.989063
1866.676283 4183.611422
535.606407 8108.208994
6366.961455 9604.783198
6660.282408 6768.171162
9442.272658 9614.516268
8773.442737 8349.407280
4768.432783 7233.236672
3019.153159 8749.583508
9306.695259 1237.231407
5209.556026 7068.385753
4721.045524 2551.021502
9522.093584 600.591805
7681.795208 7400.687540
3659.432511 7172.452290
4235.783082 6405.133602
903.211534 2094.370201
4602.807693 1424.936040
2060.723055 6231.965302
7953.426128 4085.698077
9782.237017 3689.068101
8754.523744 9449.754208
4338.122667 2322.998118
5477.489565 9052.619934
1774.015677 5086.908167
6737.274991 3772.868815
8952.816205 8804.609532
6329.761953 1997.672383
5201.003661 619.547224
196.452461 789.630767
7048.941193 9416.829159
3735.376085 3700.890737
5307.557754 3875.890038
7050.083944 4405.388903
5753.816239 4900.232241
2209.570087 6299.923379
1887.921121 6514.739850
885.727787 4698.761648
3574.994300 7246.946098
1665.304159 3517.350246
7975.206503 8581.943266
5840.822263 1704.013147
2887.542281 4388.014751
382.180397 4405.815607
2922.168996 179.521757
6263.255542 7569.541409
1634.118318 9093.953287
3434.584905 9646.516888
2257.639621 4272.481572
2059.249512 3128.481308
518.814147 7627.636508
8403.992591 6666.051555
3622.309110 6948.434614
7998.768386 3172.900739
3788.203244 1073.459074
9660.140112 7224.168818
3443.645786 3141.271397
4573.287933 4403.051992
5026.002372 7565.876163
4808.314649 1013.309736
8469.614983 6773.088853
9433.561189 9619.126555
3091.963141 2039.717068
4589.850462 4408.816826
4614.405603 8105.933571
8458.838192 2453.456301
8623.434714 9299.222801
8190.926940 8009.454791
2839.935207 8828.254590
143.319428 6865.440536
8989.512167 3861.297165
5128.097276 4256.413751
8927.119862 9644.742945
7870.675167 427.815319
3901.544584 2421.812964
2018.478876 2567.012911
9118.475484 4221.917376
1127.576770 7679.149435
6636.338854 7467.345529
4772.361837 6295.073292
8677.705089 4007.375908
3391.184978 8781.943566
1362.776209 311.824907
4213.985537 6225.063082
4547.257455 6319.919434
372.439723 239.632390
4794.104337 1512.186255
509.624545 5539.641634
8903.228175 2576.282583
7661.769978 726.912570
2173.813853 2610.738741
7591.300549 631.399524
480.027691 2216.681428
8944.948472 3641.374151
5152.187031 7303.376417
5797.946406 8837.618570
6492.988770 7194.021667
553.860206 6950.895011
3998.150669 7109.869705
1405.338703 2255.244962
3686.271902 4650.569276
7089.286509 5385.363281
1424.531874 6612.688342
9201.472422 2377.032113
5077.832839 4464.926465
8818.864482 6472.758670
634.177931 3807.756538
3149.096677 4161.870875
4592.595730 1542.358184
4600.622240 972.840783
1678.422199 6000.255563
1565.264973 2544.993268
7603.059248 6705.468212
3992.567012 3992.017320
9789.676252 4947.296658
5699.049423 8099.490037
2910.325229 6376.184739
2649.863108 7244.776518
4537.692133 6779.353561
8235.901461 7517.904471
8321.988298 1212.876165
3495.136293 714.342881
6797.724984 6253.769720
3965.165811 8165.495235
3515.685165 8712.364762
6377.036180 8031.665633
6623.889969 2856.045896
9716.172015 9048.183362
1187.456491 7013.214528
7249.385474 2699.097184
3668.878122 7941.117907
5069.421450 1239.820429
152.401422 6847.707569
6562.556887 4813.860312
2931.368326 7137.460881
3276.523623 1680.990179
8136.373275 6391.326177
8400.512204 756.958160
9058.623186 6171.296389
5237.328773 5416.904705
1031.301188 3995.668402
5350.491025 8364.791759
4840.823937 740.337563
4666.863297 7099.977258
8570.222205 1799.886104
2191.127600 7381.150712
5283.994812 462.618480
1080.581314 7119.788462
7128.663358 2979.209732
9328.496901 8181.740875
1277.252724 847.484138
9846.798162 36.470520
6292.972944 8343.581806
7023.884328 5933.037617
8169.980803 5049.848524
9120.868726 1387.621030
3331.327554 188.205622
425.786956 4450.980342
6742.595813 8318.934895
9249.410537 6874.606924
4221.836413 1094.503960
9638.221138 6536.465593
5241.666342 8322.753177
695.859761 9901.093761
779.110689 7877.499141
6911.445001 1341.104524
2034.870238 2983.386765
7829.797544 371.733814
4527.030302 1958.086091
2187.177939 1538.213499
3706.402027 5826.642406
9902.911112 328.052908
9254.270925 6345.528600
8047.101639 5719.306760
6529.163641 299.975490
6802.796993 7131.332734
5928.001880 6348.909842
9502.545167 7466.207091
4427.314121 470.096485
7702.645439 572.086439
4387.538096 5622.735812
6216.519552 2421.884472
9662.475213 8441.672221
1217.879199 5058.758460
8388.199948 7244.706584
8006.594714 9886.767388
2631.916254 474.880440
6437.748322 3202.311644
791.673975 2246.049958
50.609890 1672.983090
4665.588207 8591.030050
4345.118531 5775.756700
9632.841614 8876.773116
7963.049943 4211.022741
6499.077868 2002.133184
165.508275 4147.278993
4807.415175 1944.036886
581.795778 6313.442747
2536.226265 6440.965916
9508.140914 9761.963253
2394.930373 1941.974246
4733.445938 3286.588093
220.258749 9093.784071
8487.236932 6141.230908
302.562445 3127.875085
1772.286267 7250.262303
8108.559530 8020.394861
3416.320255 3162.594343
3054.747341 6839.085316
6828.109852 2951.709494
1027.250981 1279.124558
679.954062 4315.153308
1614.785942 3831.973083
8522.843738 2801.870968
2850.942080 8716.944322
2416.444132 3915.510511
5326.343765 3128.537645
8121.337596 9155.488674
5345.844204 3788.435049
1412.291315 7220.498359
3001.243130 9728.860421
4294.447265 5308.929220
2487.431192 596.755090
2515.719138 5180.100979
6875.101114 5050.586333
3013.520031 1094.577677
7294.851577 2419.373221
6032.145205 4276.711925
5201.165246 7697.362376
6048.291516 5068.516996
5050.150663 9023.648740
8519.006705 560.480453
7820.933084 6677.373230
3207.983912 3196.292888
8855.164475 2289.063354
8944.595814 5554.549636
6555.263653 4590.607839
780.350194 3387.485959
8478.161805 6302.021123
2768.129284 950.115588
3002.337192 1398.874592
6534.983955 2959.547574
2049.180714 2814.279426
3776.553723 5460.432144
4567.532565 4621.850591
9776.893902 9008.517901
703.171332 7609.244666
8267.658958 6581.452684
9080.525473 611.134793
1613.497447 1397.078115
5303.624856 5562.107865
2785.643816 4105.020669
5936.506355 5688.555091
8411.139514 4647.193050
4576.368030 8540.703524
94.732273 6508.809669
5407.726929 9711.955945
2350.886720 6299.406212
5851.421452 9126.139419
6330.038366 2238.315508
7236.940265 4526.933756
4951.114437 8261.666945
900.918262 1903.052445
2345.190984 417.093384
9960.598999 5722.322253
1897.969410 4385.282292
6747.614080 7832.501431
7303.138422 6290.703798
4121.349907 4873.300560
9213.909512 9667.453175
2015.137358 6859.125567
8703.920591 3570.474786
9346.370912 389.809867
5304.604895 4514.787056
1444.725762 2071.503327
5291.643133 6986.091805
9655.499351 6730.055045
5780.349560 4537.488504
1993.754021 8268.285623
3811.017291 5308.466238
4549.939808 2836.432006
7285.811452 9175.391615
9310.849675 622.145729
7385.089856 7922.553858
146.492694 2591.226328
7997.750887 706.259284
4306.880228 8900.447968
4437.378593 9862.239331
3785.014444 4152.341312
3261.920446 409.013045
9094.366580 1625.994503
7328.470851 2794.707264
9671.378380 5175.298833
614.801830 1564.394238
3558.000807 3701.229134
7430.316083 8329.129477
4343.277594 6853.422467
1818.354545 1553.678576
9080.174719 3400.777327
8302.464290 8451.308256
1697.009868 4090.438335
9348.870074 9896.317185
96.915670 3356.936361
783.076947 8939.910088
3400.355212 1860.915671
8608.790957 5525.731095
8752.465289 3357.157591
6224.368435 988.054298
8468.430494 2949.877882
5513.638257 6006.638968
3640.815592 2013.831612
3078.704926 8470.787472
7712.064787 915.983462
502.746383 6129.696106
8226.877391 3718.894868
672.611124 7698.211147
7372.844950 4344.929513
9338.304600 7750.071346
9953.246888 8047.282249
6995.996699 7465.402894
2977.610529 6456.954590
4722.968245 4758.394321
7621.183901 4808.838793
9359.274957 3867.395431
607.614201 1013.366353
5466.067077 5749.476429
8539.320380 8715.465673
75.301878 3986.505045
2526.823986 4752.286593
3065.361382 4165.767003
9902.374578 2529.012621
8912.120864 4709.257585
9782.484255 489.572545
1031.391070 6806.642708
8099.911276 7080.862143
5455.786486 2028.524436
528.421235 4073.848309
9715.837138 9365.484468
7232.344608 305.039938
8418.339697 644.791383
2316.072830 8623.507654
3835.332162 7108.530640
6144.211264 413.351353
2578.298546 384.965058
809.607871 6996.874485
2965.000065 9187.473349
2718.877029 4309.417926
6988.878100 9414.521593
3762.964957 1862.377135
4195.604394 9006.966014
1410.587407 1150.238670
9495.822978 8546.750431
2722.763112 7709.050808
4200.004543 8418.168216
7723.712733 3385.492580
3591.703889 2787.928216
6342.378041 9888.392607
8658.732734 1110.400314
4621.133854 3082.280758
7711.904683 6405.910518
5503.262275 9461.431339
8451.818147 5675.538142
2020.377223 1153.171201
7118.485677 2996.060905
5885.281668 477.804857
4338.884166 9158.781008
6456.999593 8429.851101
7391.354922 5410.045785
2714.428756 8111.754080
2988.955327 3243.666980
5435.365619 1639.817303
1843.768792 8996.182533
5610.179229 4377.634464
4385.674067 1138.557812
8993.189005 7842.274846
613.395135 30.694638
4092.301433 8225.733462
250.910568 6543.119268
7578.508469 7197.295299
5909.408976 7037.254200
246.478743 9700.291560
9672.552777 7031.516076
5624.967266 8022.468796
7258.820795 7204.961729
6448.687808 2463.705546
2092.337059 2284.523507
4829.447659 9558.219989
161.068173 8015.732846
7915.043954 5141.409661
5333.219394 8982.760473
2400.976548 6747.109692
5110.641505 4472.885480
7287.549612 5531.781374
6469.321888 4054.551800
5604.379023 7002.860213
4878.482090 9956.769867
6864.494791 7432.939873
713.967708 8004.879870
2236.033133 3174.417211
1811.781187 6111.599589
7945.175418 7389.523196
6033.026843 8731.048036
7035.420638 1731.236922
4620.494861 9434.509211
5399.006402 9083.652621
8601.545045 6562.518988
4729.024522 3345.585329
9851.308887 3168.927422
3660.053079 2707.499884
4172.925238 4047.775613
7344.591252 6441.152792
2448.163975 5660.683465
549.008592 7832.343459
4424.094924 4602.949096
7577.183585 1572.425624
3900.025824 2429.001138
5453.098662 5203.134208
695.007329 6869.041081
4023.983337 5470.989485
8643.302582 4314.315621
7769.578970 1952.680460
5854.316286 7321.790245
1242.120743 1760.268918
6390.067646 6519.058033
2767.217552 8732.736427
2610.817996 1282.135547
8170.842514 2055.740451
7615.802267 9662.884113
1473.664771 2304.764129
8789.284223 5607.030937
9859.854503 9922.207619
624.463130 4106.600056
2118.977772 9003.231243
8194.497648 552.280242
5916.937779 3705.209819
5585.171865 5572.958388
2250.784328 2756.830289
8728.666509 8484.521015
9541.864331 1809.763223
5702.109013 8882.607926
5677.534547 47.617910
5778.419530 69.124782
1647.822938 1315.554894
7481.915616 4626.721830
9528.701604 7669.139347
971.464646 1360.170102
635.285621 8944.013332
5195.495913 5924.251366
7427.709833 7480.920795
8433.638085 4015.914483
4317.715656 9777.856989
3314.944290 4426.987644
7684.234878 8911.211488
2525.015942 9458.815714
1025.551279 7133.554317
6229.764468 347.136758
361.414589 8768.185239
4185.935991 8973.599495
5096.557614 2833.611789
175.355549 4975.229897
8995.510200 2548.472524
665.029135 5559.492907
6577.512853 1925.488318
8073.620503 486.421892
6038.249786 7323.606111
8753.816942 4436.848213
8671.972466 3185.016812
3197.877389 4293.274356
5614.134423 4334.577556
4487.394110 9049.526747
6235.652708 4741.033147
6140.971153 1206.818501
32.256425 8062.545834
21.475394 4233.730820
591.565413 3122.927317
8382.537440 2622.042119
7925.481825 8789.069395
3453.208585 3978.592124
9340.761340 1984.230000
9797.511551 7331.136134
8260.000652 9927.988984
5963.245782 2572.572851
9704.537311 2475.026334
6169.759398 2855.130104
3466.977849 181.319513
6504.666758 9728.850647
3629.633039 2585.618101
173.079660 5184.314976
9648.818755 8250.151950
3053.751853 2628.473254
6267.638670 334.788124
6815.603836 9971.741723
5538.329030 9678.119363
8693.709442 6767.663994
1683.644351 3250.152134
4992.689388 9774.469894
5786.920065 1979.567320
607.892489 9632.335799
5947.131944 4812.432998
1914.165440 5412.205209
4638.993115 4687.067711
745.135738 6421.064502
1729.245561 6513.839669
6237.695116 7537.463359
1970.500750 8678.767165
3731.320623 1639.191853
1444.428531 1828.580779
9854.725341 4332.470730
5558.086821 3754.840872
9978.882577 7326.886880
752.221411 672.143076
2214.541952 4307.749516
5056.231083 4216.603652
9552.346428 6561.755523
7377.149074 2410.016618
3241.870144 8367.725018
370.670777 2534.002866
6826.205474 1514.220279
4743.316886 7686.551630
8201.339108 2385.754785
3575.219770 3405.893888
8072.776958 1880.702436
6139.646097 3524.882512
1494.520632 7259.512087
9253.756801 9145.921826
4989.419239 7353.614428
7476.547118 1139.930930
2234.924455 5212.971951
4371.648855 2772.562127
8151.338679 1136.272787
9004.997936 6031.702076
8584.850621 636.693318
4890.720074 3719.036112
4543.220565 9966.473520
6264.057098 9094.177073
891.065707 4939.178795
1638.704324 2742.845811
8655.367833 5240.895937
2702.043265 8787.904558
6585.819415 1929.975938
8528.668519 2228.940957
6656.711065 9171.458444
1175.593214 8820.790038
2470.946617 7862.067240
133.812644 1397.483386
9820.321510 2371.778084
2183.166414 57.498300
3310.083557 1150.193553
7734.124029 3508.917172
4543.627626 9817.890200
9731.438388 9134.401084
5841.990036 9440.009666
6128.463339 3801.237343
4885.268713 2439.896780
5868.735694 243.655654
6315.264235 3317.418368
7137.993480 788.141871
2913.354801 1490.926897
4327.539794 1240.152722
4104.476795 2364.347758
9200.624677 3683.940149
8959.125487 9103.103488
3308.397291 2037.072032
8371.607257 7307.087425
1403.797118 4622.398478
9808.081333 2109.852869
8514.838294 9374.042105
4811.884626 7452.912935
2745.986357 7507.862475
1465.543645 5663.952269
2570.662549 230.343508
9004.803549 4670.326787
2647.841420 7263.523738
9291.597159 5280.669361
9323.991865 1623.350756
4731.151226 6450.312762
2278.114707 7489.732119
454.368852 4593.759244
2042.816686 8647.410708
8166.140633 5080.388058
7060.515277 4304.628682
1132.206153 1957.502669
9215.508105 8680.789363
9000.462137 6702.683963
8325.474360 3631.915747
5192.207795 6251.569032
2671.193095 4319.061879
9901.708824 506.310477
9297.805408 8359.352009
7336.890493 9572.392898
3490.668665 1225.100942
4569.807511 5484.179099
497.233129 7251.345840
1595.852275 478.008547
6637.014377 9782.834638
7373.921726 6947.048406
6112.221426 9750.475130
2018.016383 8969.911998
6395.802951 7521.985882
8533.730177 1499.287116
7539.838507 9227.200746
642.266409 488.689762
2890.210906 2981.677328
1997.520942 321.538960
3131.207145 2775.848480
9571.698255 9648.380100
4812.424612 7992.676310
2567.497968 4709.124125
9255.981060 8688.469410
8003.751578 228.260570
2651.843000 6547.474167
4384.235696 3557.030680
4825.874992 7373.495874
8125.765280 7165.019788
5056.276555 5291.830574
7787.551819 1273.179421
8087.253624 4089.254572
4873.258179 6969.175272
8483.878591 3682.841050
8646.530064 2832.047367
9712.822998 6788.167406
8255.949498 6551.423346
8021.834421 9916.714871
1508.982488 8370.831362
9747.008897 9842.710215
5780.464827 2776.539279
1523.887167 2126.374863
3541.988321 5551.887286
1593.505078 9323.790186
8891.381996 3043.339583
5451.089590 9300.467135
406.652757 2471.821118
6906.896876 6669.280980
7694.714968 7001.147750
4372.826159 860.943107
6611.659142 8493.511958
600.381042 5298.892070
3424.553216 7727.835183
8668.222628 2455.848385
5588.626098 1418.883177
2322.357767 9474.548446
5285.427599 3025.603823
5557.089579 9806.562976
318.645106 4064.071822
4031.283018 9269.822550
3737.050356 3277.801711
1297.798558 4755.242796
8414.501650 8565.789508
414.644157 5328.579072
3407.573671 198.443759
5967.009737 4969.272789
1377.317204 7065.250003
1941.226649 3938.356454
3625.232510 7866.188602
571.318458 4844.073176
7358.729563 8779.990777
4868.199254 5434.631466
1368.771275 7619.221308
4631.663766 1269.543198
6297.815603 3251.451872
2420.159563 5639.839981
1268.524135 8379.444724
36.440211 4705.530598
3099.987937 2692.024411
1751.764451 8270.849374
8680.928106 4116.671690
5288.911330 3514.428310
5979.968994 2953.020159
5224.877458 9374.774172
1000.834096 6476.215636
4252.684282 1494.415663
2136.666608 8855.247582
9336.020767 2618.865523
5295.500840 4784.493676
7207.093507 317.206199
7863.755639 9240.379277
4058.443772 3112.807945
8552.556298 2707.645908
9850.587445 9367.422504
1024.657818 9168.639539
1461.072478 2724.337635
6759.002140 1586.170054
4129.195342 1391.080917
1465.910244 3194.370510
8604.313933 3866.192333
6033.011680 164.039112
6658.191978 2072.024940
7086.247392 3674.013048
9608.106199 4129.068514
4863.948781 6388.747243
4839.104437 1420.049366
3862.708568 4222.915325
2040.735167 6701.402617
2034.003606 8132.540737
6849.538584 1975.527426
9542.940214 8883.743575
567.869617 7639.755717
9686.483503 7517.591318
3039.499387 7288.216440
3331.758890 8107.948371
5030.843985 419.623298
5644.233746 9804.424308
3307.383758 624.197544
7132.570614 2915.890587
8139.897331 9567.238447
2923.793586 8184.239474
1352.718684 9697.423602
6016.645395 7594.811850
2862.334230 901.759694
3467.049510 3801.874691
9208.920235 1360.342351
5180.855889 4814.494877
9711.644178 5598.598950
4395.873062 1862.365860
5794.455059 9643.650829
4494.445851 3012.654551
3207.550413 4429.456912
9938.596398 5208.404289
1655.103671 8107.410277
2970.860374 7541.304762
4953.935851 5816.880264
8011.771364 4087.826596
6285.164810 6772.307943
7311.049166 9439.824934
7214.138919 360.480753
3213.760055 1598.651772
63.596951 4732.392852
3274.911568 2020.475095
1396.358465 7390.102885
4419.605380 6338.577953
9936.611476 4103.479824
9642.511118 92.416942
5905.670311 3306.612903
9010.378770 9481.870973
6215.734769 4915.608073
5645.242704 4508.172991
5166.644112 5260.914364
7202.632253 3682.608189
1366.001769 2641.537721
2159.269221 4617.096277
2147.235134 1063.237064
7162.225258 1581.241032
8207.851087 6597.799169
8155.514099 1294.757585
868.078062 179.412709
9933.460546 8889.938058
874.858822 2315.602424
7699.858727 7141.457585
2061.082283 3206.916430
8033.194492 3633.403485
5504.074502 1160.231400
9294.697742 9258.544091
2450.631820 5698.905389
5090.593135 1497.700425
9529.586161 2920.669425
1528.233212 5462.521610
9056.864663 5406.964652
6194.026447 1827.335892
7558.728040 864.099193
7568.830859 3854.420700
8318.403914 8562.187137
4473.573367 3589.374047
3278.139027 7548.609097
3346.552730 96.906114
6216.729213 5432.267967
7962.345986 8152.909409
2196.984243 4082.840416
5782.926891 3526.242849
2976.624289 5419.200369
5237.846807 9036.520215
4579.322005 5181.582548
3241.923408 2977.392233
4630.574827 8901.336784
2222.383669 8107.823861
800.554037 6351.432886
1566.788848 9015.219381
7537.370368 4613.801429
2093.612187 408.960834
7098.018806 8991.578127
9551.987761 7972.992060
7452.358925 3945.281988
5450.006949 414.402901
2999.654630 8142.008494
2875.773438 945.351935
9963.921504 4534.516908
9892.089061 6477.657921
9832.928739 3017.587179
9716.015460 7552.400328
8260.571939 3068.153487
6160.578612 7343.884635
1473.041958 3128.404150
4740.529902 2247.434970
461.570610 9731.168394
2309.508912 8925.710084
1795.572999 1632.485763
2124.905674 3537.955661
3544.962209 2028.901005
5312.529419 1268.427548
312.650202 8021.770006
8667.619221 322.927809
7036.299491 3140.084181
209.600305 3159.354729
3002.751600 3384.703589
3503.386267 8778.041759
6890.091563 6004.529245
4392.845513 1325.082101
5824.247514 73.450295
7434.891555 9232.123604
9355.075435 4310.012454
2171.622524 2136.811403
4541.079795 8596.646146
144.339509 2799.513446
9267.778348 3754.966421
1720.677881 8057.571657
183.651391 963.272794
4401.788876 9648.223088
9188.926355 2029.809075
5340.397500 5078.000974
8746.587015 4811.583847
1725.444029 5559.100916
8118.772320 7052.590490
537.597554 7595.760704
2185.590927 336.531588
8090.252950 5660.649310
7050.928944 8521.351671
8621.846452 6735.348453
1921.737013 8705.334496
8968.844416 1103.896916
146.657526 5262.485127
5616.436518 4979.658536
6425.856831 2128.284132
4892.573651 3814.513941
6996.995276 7620.021875
5253.598354 1881.021494
5185.649297 469.149186
8375.315395 8172.327162
9722.751718 4955.132240
2102.934256 3315.769306
8848.706452 3934.227529
2659.343771 7621.192859
3701.921067 7089.187606
8496.587896 3089.167803
4068.509581 6786.202861
3562.515430 463.565221
8352.912274 9861.258593
2214.948350 7863.309873
8437.178160 4526.822499
3209.090112 494.095824
8538.546723 7134.183668
3681.063528 7691.925906
567.830997 5040.359662
68.515749 7373.925976
298.418726 3735.501340
7686.942559 9436.061485
2876.955616 2942.095799
2641.859821 2409.010119
1243.446822 7988.340538
4677.691572 5050.128251
9795.765654 2935.632026
3615.432534 7695.778826
7999.417996 8647.439427
3558.973526 3842.264326
5933.485246 7668.495200
7037.875542 1986.829581
6227.941997 9495.874650
3395.069375 5899.742499
6265.820015 7274.303422
1031.664629 251.441996
1981.568377 1276.933782
9553.377205 2456.022022
2993.916611 891.614654
1244.524500 5838.505506
6733.451935 3275.837636
322.766128 5828.404417
7296.550426 560.468332
9483.229139 5766.266169
8380.701694 6394.580616
4372.614010 6355.797520
825.138534 7949.298832
1853.984864 3156.279043
8693.092953 9244.860634
3111.857797 1235.162448
5880.264014 7859.369389
7864.819976 4676.739818
1012.914939 9474.355918
1261.087861 8546.484585
2710.163774 8020.854900
9266.215675 9478.533123
3455.552098 2642.618920
9006.442443 7206.362362
3276.131736 7630.792817
5191.593484 6491.655473
7306.986134 5782.463252
1753.782274 5686.026552
2960.985131 2717.095790
5925.645089 4008.205988
5995.558514 7540.271100
3134.040394 2220.395288
6800.512126 9770.796725
343.911109 3047.621850
3427.338782 9699.540291
6333.291253 5571.665017
1922.043350 4461.196897
8767.842790 4844.607434
2130.398060 8953.295886
4069.202667 4913.545695
2747.103126 5809.869160
5298.854778 7992.327980
8484.148819 5234.218353
2180.366680 4159.876132
1872.305875 5986.754727
5375.420454 4781.057630
8998.666545 6613.250142
5576.175532 1590.384570
7110.689908 1886.760307
5279.093673 3084.897758
1359.338146 9866.056521
7839.577041 144.228594
7445.970991 6230.903607
7055.106007 1325.120371
4809.415626 4074.776208
8126.721025 817.570107
6841.100474 7907.851547
6527.055645 8078.411706
6237.619260 430.549815
1923.154826 6760.210764
5108.010847 4093.660483
9609.866344 2723.491145
8761.218818 5848.462490
8490.312564 4125.116181
1162.712875 9158.849548
4289.338005 889.462565
5941.579237 3251.688098
9083.145624 8933.084663
2853.909416 9837.925070
5411.235303 4044.006524
1517.446760 161.518042
2357.572114 8315.207925
4638.743288 5991.068582
9666.852351 3684.976525
9378.059911 433.949474
2335.170888 6825.527188
3913.570802 9671.011141
4752.958938 4087.034437
5200.604399 2470.203645
6045.196945 8039.572824
4220.450379 7033.343046
3352.041838 3818.531369
715.394412 6368.584083
8054.191299 2805.782197
2731.936871 1897.223640
4990.236701 2363.541004
9252.461927 4840.689118
1960.545451 8377.753493
655.942422 6531.440315
7497.267265 1155.308669
144.465622 5170.926622
6387.206780 4463.999475
8987.592848 1967.994653
6672.074222 8571.722570
8456.666141 8184.588870
2699.339878 8056.636354
120.289684 3821.666956
9770.544336 7820.700013
5644.042734 9133.717689
7611.948786 4871.633662
5787.935959 5832.923381
1186.287673 114.274353
8020.115008 3415.636880
3747.175515 5920.903184
7105.059640 1585.298423
6474.862867 4611.595787
8271.414660 1176.192014
2588.857588 9288.003430
1985.699193 5908.545837
4879.361131 5107.341672
5912.770828 2893.754256
4538.409916 4692.505642
4.743820 4025.840189
2982.798842 7465.724874
6501.720955 7242.491873
3974.189628 4856.135213
944.924135 1088.651298
3397.084233 8877.058440
3159.055593 3681.286649
6112.985583 3222.956013
2575.856465 8107.048340
2239.686526 6890.814461
7802.885040 6585.254557
1743.328542 6355.959652
1625.402288 3335.391778
181.550113 7996.691726
6361.390488 4721.824690
602.298068 9499.147463
1154.834591 1349.559589
9891.129986 2827.002725
3473.054946 5240.108964
2252.875318 655.287869
9721.929932 3168.754121
6449.531992 3377.220759
5667.644102 9548.994278
5366.980102 8879.641458
8693.252643 5278.885341
784.526334 7396.243390
709.806962 2368.713228
2696.954286 4547.718437
9868.786163 5600.473719
267.971224 9839.913324
9545.944769 5059.291475
8435.564211 9604.967224
5790.094126 4830.968737
2484.148392 424.536982
9107.125561 5445.086475
79.031453 6990.588338
8328.064384 7737.635671
8477.645518 8791.850219
8728.054235 7231.474467
4466.711698 5878.815472
6393.936073 5672.645333
8176.474793 8073.728247
7767.320512 2283.267126
8787.455561 1572.376840
153.013909 610.588518
8067.565381 923.742834
6331.825087 4811.343528
2883.601608 4234.868536
850.188383 1170.363659
7574.610245 1271.614702
4259.816285 6177.473766
2464.716523 6884.577473
2259.206396 3005.746147
1212.397253 2861.877981
6192.732381 3640.077318
5897.078976 2773.041169
7771.666088 470.163085
362.964735 4276.934833
5670.238597 5843.829329
6189.587772 3847.171437
4620.855185 7054.844498
928.422517 1385.909830
9105.777929 6226.723125
7026.663203 4033.062466
9502.768541 2877.532435
3616.321539 7143.189824
7633.393228 4492.306518
9108.255679 5044.622772
9552.652405 8342.802353
6129.443694 3137.770405
1461.043590 4373.382309
6717.968389 6674.097811
1978.976120 3876.673770
1165.021011 3289.280106
1746.100207 6610.069132
4443.349740 7965.804469
6119.164396 7418.990834
4196.583891 7031.456317
9471.258585 1591.654830
2672.275958 5364.867040
8797.982309 2792.178340
8777.829349 6396.975801
9095.234777 8524.100192
434.467053 6041.901807
4857.125919 1408.676815
8243.898799 2618.453584
6212.596561 1743.460605
6523.973030 7089.233341
1759.657950 5137.558197
2252.902592 8708.254996
7944.518226 1798.082441
1680.499837 7748.658013
9075.741036 8804.740231
1291.816961 8943.423542
4585.938696 1387.274366
9888.418706 4841.694683
6431.541036 6345.925390
7236.158525 4981.294360
9087.523555 9726.599706
6023.487532 9954.114505
4800.648955 8378.831887
9861.703865 5389.893777
7092.655679 9020.674436
5319.509995 3038.870717
8696.917245 7083.752075
499.442604 3914.056564
6291.561400 7006.497982
9857.442054 578.390305
6395.193125 8822.167150
1716.787666 8850.620048
1926.433744 6125.560997
2810.288148 1485.782233
7369.720490 9893.376386
2518.538233 7798.655580
1583.519801 9246.057025
1032.806596 7782.725663
1163.065442 7290.868852
1633.968540 3266.117877
2639.737620 171.069783
9879.914963 3671.835031
8922.503998 9441.356912
2633.730334 6899.048574
8963.443927 4145.159068
2611.647586 5301.679566
6923.867385 6156.884180
341.325152 9818.225811
7771.757208 8630.336415
7131.418740 7299.323763
1609.993588 5300.088647
6625.717698 5245.458720
2777.721598 3055.220636
8909.611624 7113.919006
4763.362110 9810.152611
515.462343 309.161674
5377.614419 4918.703688
296.849718 1729.888797
3629.152173 779.244257
3440.407060 3581.700416
2827.045937 1672.451728
4972.416123 4270.733955
595.868651 7761.721240
4584.280656 9329.612467
2068.897411 4419.602798
3918.235366 6777.590919
3611.769438 5018.559781
6120.983905 6713.355861
9290.228796 2102.459872
2869.017367 6386.223643
3314.169841 184.077477
2765.712732 3180.618342
3911.680754 2212.390896
1169.422085 1465.824754
8098.358662 9357.918373
3944.474642 6910.187092
9010.550189 4536.081245
1816.425449 2589.684816
9319.522595 730.069267
9717.058600 2782.015780
3871.531132 2466.579296
2868.075948 5624.991824
4106.798771 329.420635
4200.042067 3804.821484
7701.300658 9828.573626
3076.950148 2018.573988
3098.441097 251.757155
4518.556101 391.514213
9684.129899 7172.089946
5006.897717 6284.114402
5944.270436 6932.309783
9067.737518 1746.912364
1194.297813 6086.458155
757.834305 8860.834094
5989.382177 7191.702931
8727.522270 7411.790138
4731.250157 5064.681749
2113.948273 4073.458755
284.098920 5181.196185
6532.271495 3276.573757
1915.482886 3472.642416
9201.532224 7700.516924
5519.268827 6961.572181
5889.274098 2637.312260
7289.659879 3215.689778
3462.114195 5564.612853
2317.314150 3423.594248
5658.788721 3234.599675
5121.497592 6372.709819
8761.652139 7406.512581
1199.581955 969.027743
7953.955861 8541.494667
2433.193194 9291.907259
2263.538369 9213.319650
9079.679170 8621.890568
3395.846995 7917.182911
248.142904 459.111734
9558.374202 5284.073838
619.310895 829.745862
6495.412509 8613.220692
8207.758991 1362.750923
2515.093261 5344.684540
3583.735573 2273.438244
8402.828087 4789.742853
1103.977138 5893.780731
3399.296760 1235.378274
1497.793134 1794.092365
7951.056413 9898.387616
4154.416468 8368.908366
5396.093823 6188.531411
3114.124241 811.615988
7464.004012 9665.199778
7324.039136 4641.731355
5016.299240 8865.484798
6550.410283 9041.225892
6030.031793 6163.887860
5889.633372 9030.435912
6161.996420 455.573483
1669.703511 6452.683014
9323.865528 7054.834656
345.630968 6397.047353
4997.090769 3373.237018
2207.406729 9365.330135
7774.099394 3742.595580
1852.262732 120.443272
635.400694 8673.884074
1762.660480 3250.312018
657.542319 8805.677950
7827.799071 379.679370
8931.001951 3604.895911
3429.471279 4044.963117
5860.606975 5582.614735
9042.674722 1923.977020
2254.712905 6494.912403
7931.495373 9752.689740
7972.817785 3549.532546
1974.143270 547.770912
6603.563832 2134.197421
327.801753 9409.623710
7961.451158 9074.133431
1913.679490 8004.255337
8117.331477 8677.321879
7403.966884 8925.414763
3095.555789 4410.126353
4507.358431 3657.868313
184.251307 752.375863
3005.458423 9781.887338
6886.639786 5744.737992
8771.534233 9551.482648
8623.592073 5895.021119
791.650759 3167.796743
3706.533849 7763.758041
9443.882757 3729.750505
9149.688501 155.165135
4247.852166 9291.396860
8216.823904 822.753286
476.309685 805.366646
482.517948 1776.707604
3961.128698 8449.680649
6597.393266 4391.663818
5922.363268 1406.159593
2777.893929 4464.683084
1220.616677 1758.713059
1488.549044 5631.009280
32.633660 8030.186852
440.456436 1594.571973
309.916796 8126.436906
7860.468732 3621.399139
7499.824343 2977.996606
2969.974765 1230.048710
6364.471796 8086.816107
6971.631199 9831.477065
4264.396647 6091.311489
9555.238261 969.466270
6001.057786 4837.733920
8263.901031 8127.387344
6696.582704 6727.293366
1907.410762 1488.487663
1405.387223 5541.164710
6897.718302 3340.660501
3505.609823 8810.549065
3924.409245 4553.241167
4024.092194 3562.082211
9513.263064 9467.587296
2333.736914 3753.480769
6451.967179 6849.264461
3811.642771 5405.716402
7439.981891 6725.156157
1908.878526 4020.878171
2736.453093 79.857603
3397.043961 6731.993508
3019.463640 4862.086606
3433.246481 206.150019
829.630324 1453.065525
2440.431771 9964.401890
9700.111894 2939.697548
6428.447624 3617.214163
8249.501391 9692.119589
4425.605712 9802.360156
4969.922644 6028.749967
4254.211724 7093.549143
3053.994811 9263.124454
9445.666502 5626.339396
6669.117592 8864.071808
8402.522539 1585.526954
1282.602538 9344.824480
8803.588544 305.244385
8835.691707 7764.616933
4251.642477 8480.601351
2938.271650 2382.421765
4293.955376 7681.583810
7159.139025 7235.514220
7237.437586 3551.953856
7181.843713 8889.557100
8871.720645 5710.078025
175.028783 4102.507238
1621.647635 1899.479981
8000.255612 3344.520738
2961.722763 2248.948236
7434.309400 4342.902443
8144.465985 440.017093
2157.143339 8824.743429
764.368036 5559.356783
4420.394071 275.423065
4351.123141 3396.019958
508.302136 6804.162098
6400.843566 2352.651743
7877.595064 7754.822527
7483.664792 472.108624
5466.594131 4783.321438
7217.803813 2472.354736
9407.626664 9565.502760
6903.875791 5741.037238
7541.776509 962.271435
9338.992701 7294.187787
8536.002799 4511.329657
8118.498225 6731.012735
5656.276855 7995.009254
9249.804457 9585.077049
6072.717157 617.820655
3514.191263 3735.613657
9921.996379 1833.979963
8592.666617 7150.598200
7992.326414 6715.256497
8346.293977 6210.155455
5511.763465 2762.299967
7287.564540 372.309113
4773.974318 2440.091324
8673.670000 6121.483233
8781.916779 9038.921017
1182.684714 2931.164991
9875.145545 3663.865439
4652.836611 2243.358827
9919.393161 8001.062711
8230.843943 6870.561308
1685.858006 1894.376169
6853.962726 5769.611936
6671.213666 6199.683381
2674.220306 977.971405
3776.455419 4481.697110
4571.163338 7545.045204
7711.386119 5325.209364
309.475820 576.746224
8354.407035 1148.405798
2926.256450 6411.571632
3648.923983 7296.187388
3030.739263 4400.328966
1477.818770 3808.796027
7322.686164 3841.616625
2831.378309 9979.460042
4567.877516 1919.525297
400.674186 7641.766922
5342.387085 7833.921529
498.936832 7111.022922
9159.534016 2470.898817
8678.773791 5378.018316
7237.143714 3485.944660
2030.836603 7628.321912
1881.066473 9897.922565
5588.061530 2323.548846
9254.772349 5346.966262
5679.488173 542.625165
3489.420638 4648.281154
7658.345234 5770.146821
6880.578255 5915.208567
3496.046484 1850.340267
6511.922979 3183.341684
6674.216127 3122.710657
5053.193637 8200.865413
8857.545875 9712.681118
6418.836893 5820.564460
3744.383626 1359.208672
2186.917982 372.400800
5366.082502 3067.865637
6896.916230 5737.977619
3267.114452 3149.108635
6102.866912 1955.204804
974.102092 47.081267
5631.491187 2836.225526
5512.025381 6079.579012
5339.371063 8933.258225
5860.788574 8069.328203
4184.271397 5306.299375
326.932390 8654.426912
5474.346388 8857.839882
7190.169676 1278.445320
9661.263916 9391.464731
3054.336081 2675.257620
2519.263116 6202.715078
4450.492511 899.604115
6541.483005 7689.561508
2684.514090 8994.012673
231.973288 6979.825307
6670.235414 9630.582969
8004.177924 8867.440194
8757.335272 139.337772
5125.943386 2923.833376
4900.715563 9597.857895
7811.854683 4675.777158
6856.073451 1698.691758
9125.700549 7382.306320
5772.024902 3044.380681
4574.459505 9351.231045
2496.399096 4455.036735
7958.964630 8937.465538
2547.585508 8456.849111
6998.425947 3294.762898
8003.250440 6342.850713
9737.651409 5327.614277
6268.566784 2193.599514
9748.500537 6010.540524
7399.516591 7411.747719
4386.935383 5008.544749
9584.846003 7385.329657
9380.947276 9022.734825
3639.794208 4299.991398
9689.172966 4989.173724
3040.966731 7844.791804
8711.611735 8679.149902
6074.061310 7817.403005
569.837370 1058.041701
1225.863150 7744.009656
7682.276247 9326.212568
4152.951131 7063.721142
9785.315408 8994.881761
3096.074372 4237.689430
7653.555432 4143.051076
7005.261619 679.172268
96.704406 7543.078119
3389.708973 9745.207937
6533.958243 2082.303352
3566.853090 548.039180
2403.463961 5877.255662
706.559335 346.316191
9426.769181 8946.900692
5149.453715 5667.168426
4957.626267 5146.045855
8627.268310 3918.257455
7331.958730 1442.108919
4381.008998 7003.898828
1195.236591 1101.784485
1828.505856 1812.364496
5530.299287 1962.168125
7096.499058 2991.169820
2846.098334 8091.845431
7174.715933 2768.376444
2895.140350 5182.886689
2985.505583 2516.126207
8800.480794 7839.509534
1933.568709 2267.270745
5611.279626 6998.598690
5385.614711 93.397825
6950.514062 4276.274737
5943.604285 52.805544
6225.053466 3266.208935
1995.223488 1489.775681
9993.176467 5159.523231
1633.547293 6109.276529
6171.227017 9709.864200
8478.682951 8845.303036
5893.182509 9816.583601
7413.806090 1864.144160
7878.602307 5296.183841
5552.802710 4733.723065
8681.447775 1632.675272
8802.874657 1168.241523
4827.070590 7994.587270
3333.020383 6887.606694
258.053347 811.902290
9629.111128 2940.714513
6659.866908 7773.520764
7082.044588 498.737674
7776.150352 2590.190511
6142.335794 1191.745879
6698.713261 7441.237790
3033.915754 3949.237335
8565.224566 3975.455599
6957.920391 4263.044046
2326.952907 8853.612180
9678.193060 7738.152964
4735.005011 4151.356823
8620.496539 6827.887737
901.284006 5527.164798
8457.935623 6623.875665
7393.186207 14.251915
2326.338322 9415.645980
3667.798569 3780.531162
514.152766 6801.598071
5541.000403 9200.227151
1168.185123 4856.401423
6515.716837 7234.205852
943.699072 945.343717
8274.296367 9838.816175
3914.129727 8277.864640
1274.590037 6959.706007
3938.501913 6848.476961
6573.270098 6794.596892
2486.161147 3926.272932
9248.055679 9911.374091
9202.396168 5437.445000
7504.991474 6261.822901
1187.977313 3139.126004
3062.202186 2024.682456
1866.541224 5495.739532
5724.886360 1231.312544
5536.390783 8593.223942
2082.658475 957.549097
4410.500159 9752.179214
6507.619795 1463.529658
9850.767720 2676.082535
764.995485 9331.447185
4319.699939 4077.483036
2008.378204 8159.458932
583.722849 6887.845497
72.123902 5034.753382
8143.892014 4359.715321
4776.323922 2797.653615
9179.483425 8531.638296
9227.951848 3420.995758
2587.287227 9148.468822
9947.986963 2224.907200
2066.150757 6777.457628
8946.540460 6908.859015
4210.230838 1472.005544
9427.653689 5350.449053
498.216320 8340.109582
4345.554971 9685.639232
4111.076997 2805.284969
2791.704992 8113.885631
5396.307959 9083.474384
7768.186303 1184.098066
5085.937344 1368.945700
396.603890 6130.683803
8215.883354 9971.723387
8497.310379 6307.477474
6552.842366 1650.754866
5820.242080 6347.787200
5581.916719 1172.495699
8081.578183 1805.413046
5114.570701 450.855914
1674.058515 6710.214303
4792.821920 5296.088235
1540.749042 235.102614
6904.956150 963.291604
9853.043868 689.799634
5568.226407 3591.680608
8380.959827 9869.465136
8553.407085 8.978985
4252.512638 332.692046
5133.003129 6068.093382
1832.296962 5407.642680
4953.179667 3388.855576
9924.081597 7982.717599
2892.965059 9409.287739
7509.001207 2081.466858
2857.454877 4857.217181
5460.858457 1585.966186
8740.323664 7110.560185
7878.139837 8853.718977
5809.616425 9907.314486
5031.190283 9693.856777
2559.490896 2704.069404
7023.196302 1091.899673
2219.388209 5195.389999
4163.623403 4534.341181
1761.025100 6731.658043
5111.074943 1065.665128
9341.623355 5425.980933
8061.165459 7478.148912
3900.455558 7704.326261
1026.873408 6826.717983
7881.778901 2997.114908
3683.328590 8955.951931
3006.230660 6726.076383
9017.817495 4581.564663
7404.747993 8304.278060
442.700663 3122.828720
7009.139033 5602.779083
4367.198187 5880.387984
9572.664129 1203.139326
5659.421982 3225.935715
4147.479490 229.014538
277.835197 2136.112531
6630.134145 259.118668
8684.356262 5651.266340
4129.659968 7323.341240
5917.780503 9113.131862
9007.592963 8102.143224
6073.113394 7181.175121
1146.731931 1431.508299
8013.777818 4440.340142
8427.388266 6430.179870
2576.786243 6150.731071
173.161046 4574.665037
5688.379841 815.815869
6195.350116 1852.318757
7009.797869 1553.059311
7954.624185 9014.312355
2152.165817 5845.626137
7391.081199 1549.298287
5618.768317 4137.817033
571.560330 5901.745469
7920.384290 2677.730301
5072.243804 571.839623
6363.498818 1495.937108
7000.869565 3583.927353
9260.687151 6370.176130
6110.584511 1061.683845
6556.816049 2202.233864
3577.715795 5090.934508
6714.808267 9615.660527
9742.415181 4378.669764
6688.774971 3752.466400
6583.353938 4498.605565
8379.256549 2957.887683
1119.309787 8804.115279
1428.260195 9490.202722
538.892344 3969.619928
5836.775400 4440.619537
8243.256406 4799.018975
3735.485673 2269.152900
9125.483349 5783.151438
6111.978741 4153.057390
3851.236883 9582.460123
2412.406200 6519.215131
3643.631840 4587.603840
7670.411550 6920.737733
225.839539 3013.262163
7266.673447 2526.873314
9954.025907 840.903031
7667.598905 1388.513178
2537.940013 3898.902881
8686.686481 8039.634599
8928.511001 5798.570816
1399.105522 6156.066676
5014.719882 6780.372156
2203.173761 6487.908689
3685.220067 8383.937787
9980.169248 1867.819107
1642.658747 3259.046049
444.575595 3984.233106
8739.434508 7742.609311
2992.805132 5006.003946
7787.477646 1860.056694
8530.650686 1255.322316
5777.291662 4913.911753
2998.218157 9537.593740
5613.495843 5393.978979
7404.672047 9093.124074
391.224852 1182.535513
153.076101 6679.068278
9760.435530 6135.642729
5394.023654 6432.536911
9146.211045 4419.830152
3575.298824 3335.594546
2126.901687 4525.732355
827.850272 6155.537032
6994.237575 2540.175230
4961.245064 5729.177323
2753.143008 2232.884457
753.195178 3815.393494
1702.815062 6588.973546
8947.084292 3413.267255
3996.004782 3793.421989
154.633298 5552.587279
7561.667677 9281.392600
1636.035830 9923.696450
473.070122 7396.417336
8020.880528 7006.943178
8597.465284 683.942755
4583.591086 319.033863
9326.772224 6688.750488
1426.679737 67.451811
5686.926503 1156.478821
5590.179612 3809.137544
7233.328706 6488.279584
1696.965275 6559.698378
7427.612759 6021.954175
8731.327836 7640.376374
1333.975692 6099.625022
2690.161010 7115.663160
4625.559571 528.871807
4135.675447 7751.922329
6712.066077 2018.757555
7462.231111 717.351595
7420.151512 308.262051
6328.271822 3790.722206
2623.649457 208.698175
9545.434618 5902.054095
2998.715820 158.151558
8991.618121 2115.836961
1444.501649 208.171994
2994.813396 5812.063990
4849.691089 2126.912771
7562.945384 1817.149031
5667.124563 6893.619077
2727.666503 5533.940564
7167.822758 2553.314231
8555.112626 4115.108166
569.533160 9121.594942
7576.294462 2205.311392
5498.824164 4587.881321
8643.924851 36.273983
6985.384778 847.230975
5357.855258 9250.526275
5585.593257 9801.950712
7487.576825 9248.681105
544.284773 4017.364524
8743.185703 1264.068256
5260.136102 9786.956075
662.213408 1644.968722
4903.370549 4221.528143
522.938035 5605.241515
5089.714499 1507.799137
6159.846119 5889.199850
1353.132931 2266.693567
4499.691938 7848.412899
4747.538510 2998.938448
8151.758682 863.500013
3787.504587 818.940705
4397.875169 9114.780574
5419.821172 3578.560114
760.298437 9766.962422
8151.290019 2450.182836
6170.444109 2968.303346
1097.527602 8816.128585
4395.130010 561.936008
6569.352289 9351.268682
5882.436345 1355.866676
8307.350020 2424.152783
7349.863530 7471.424409
5627.857589 1362.763929
6535.155782 2667.280420
3049.893362 5385.843844
1217.921236 1094.601990
53.276388 1917.423932
1527.071521 5494.356511
2275.769100 4239.501515
2316.376039 5676.074577
5053.095043 3629.200756
1571.892914 7618.145029
8675.617166 9954.969382
3189.811524 7647.685162
810.979290 9826.274221
2790.464689 6528.204947
2909.687844 7140.083596
5878.884470 1652.162552
6086.161758 4218.238550
7652.650656 6629.754385
5935.661696 2443.858249
4231.881057 8378.153998
6840.838723 7869.690600
9096.258850 7357.122112
8367.531377 116.133554
9822.448331 2508.523872
8443.961350 9071.620292
8888.965165 1176.325848
7672.387960 1812.766612
3835.341790 3460.776084
6056.182868 1194.861264
8144.921602 2423.677157
4292.784418 9036.866899
7987.275382 3245.120154
311.983147 2321.596086
6301.402933 3075.158347
4758.528216 7804.435639
3695.664342 3913.003938
9675.922466 7736.811192
1427.036940 782.493221
1730.594905 8915.668823
755.411370 1609.633524
9490.174630 6852.314473
4865.295931 359.607388
3754.967086 8991.106329
6864.350780 6698.265413
8223.055229 2744.880993
5300.890414 9069.692380
5454.940559 2535.869127
1443.003524 2897.114959
9263.177367 2476.329939
2354.078782 8777.345257
7956.729485 4672.061377
2168.526451 770.162236
9706.438812 3923.364476
8183.325618 5606.062879
2415.245287 1484.337627
9696.045924 9830.488367
3315.386317 80.098371
7212.540739 3132.120713
3862.646762 6419.138038
974.020475 3784.249211
6032.147903 1538.513172
9291.759115 1.885433
7501.109581 5892.926534
146.672931 5437.979170
7554.805284 668.056921
1420.268207 2160.985444
3880.040001 7871.386359
3563.642278 8291.411958
9965.927564 9949.804914
8058.261899 4512.394829
2865.537314 8293.107007
9339.977576 8746.407518
9054.757167 3514.716846
1695.628249 4000.327159
1912.027078 5158.533941
6235.922846 6738.107229
2134.845849 8496.051087
8204.372293 1625.233125
3912.450806 2550.326612
9354.044197 4389.695224
1832.475139 8796.412772
7083.419707 7632.175152
2311.570943 8332.793619
6331.173544 4793.869027
8212.498921 5925.427763
240.913697 1763.841038
819.552046 8544.436494
2168.667286 5576.253767
4029.816618 4760.495379
9368.426514 8124.140245
1563.156770 3161.454332
4764.062865 6307.820019
6005.379881 4677.874314
9280.687018 3608.616038
1025.686417 7577.121775
8355.594590 4204.044382
3301.641238 1222.655025
9949.579310 2781.808262
3726.272118 3970.294141
3988.191285 7727.710315
1088.105580 9196.251245
4419.224713 9650.854948
157.921870 7351.698443
7098.661131 3310.345370
6992.101856 8592.646246
1857.272250 2686.996346
9014.060105 2112.182874
4932.474742 7000.421019
5385.835415 4940.264560
8458.295290 4723.943864
408.914264 2866.347759
6031.873499 4634.738119
8424.596608 3953.802087
4928.756525 6253.977234
9790.577356 3945.440460
7375.389780 5242.167654
9649.228743 4728.954795
1422.500283 1990.401409
7561.288174 441.819559
1630.024436 5272.590098
9592.891782 9000.197762
2567.448707 3433.093894
1704.410007 600.853669
2410.525546 1685.012935
2653.557336 232.432292
3774.424910 7018.446833
3697.898087 4362.801766
8519.112521 2420.401034
1271.793725 2196.298056
1837.239029 6645.991112
3164.688077 5368.224497
8433.292135 7575.026410
3117.960231 3288.768203
9617.145451 2873.105592
4665.997277 8011.327652
9579.766846 5925.908824
5985.323715 2976.880191
2957.820939 5106.619326
4287.304655 792.771468
5721.994384 7511.465918
7770.763754 4124.534425
1061.056050 8717.404373
2336.767198 4642.557526
2620.160751 1859.637073
1526.795544 9337.367713
1496.161879 4716.042950
6251.765205 804.110057
344.457131 3308.256687
9580.702030 5041.232496
6694.581841 2036.979621
3423.285138 5408.766703
3310.478006 4152.587099
8536.433618 3383.781387
2626.004672 1025.483434
2918.342568 2179.052478
8720.733491 1350.324594
3209.048461 8094.581943
2479.259515 6496.705155
7489.656696 4930.868763
8406.465220 9074.959291
7289.704535 8807.335446
1232.304594 7167.970032
4667.446418 1635.869243
3744.699324 2207.502804
779.435632 2200.707677
7567.894919 8407.868130
1864.156885 5883.688728
4454.907874 3711.554009
3120.155889 7909.846473
1566.593646 7432.530540
7577.921875 3737.588106
6642.577001 245.099646
4015.408918 7054.692609
8602.759149 2138.450308
9011.396664 3655.514162
2445.980743 3316.744168
6338.150938 6401.071786
1587.748780 4695.359882
8695.455142 4711.498804
4111.830102 4674.870502
7768.932065 4242.699670
353.241442 1812.422206
7978.210373 7107.649749
5680.001219 8539.566431
9479.370481 8264.209117
680.234372 8192.047045
2707.213841 2485.049600
8313.451004 6972.174488
4039.861075 1540.409599
1675.952084 7473.284099
7594.385594 8969.418150
5110.324541 964.282792
3250.319547 2467.029184
2856.447683 7086.531320
7815.231173 1879.158031
3520.114940 8265.047489
2905.100480 1280.873405
6254.138664 1385.906825
8877.928610 3315.912234
8355.365292 6512.442072
1079.685129 1756.883654
112.714452 2975.457060
5369.268656 8912.459346
1977.230268 4998.284555
8742.626944 2029.445261
7995.935548 1280.062426