1024
9547.740160 9707.368166
6103.836769 5984.653366
9393.125378 5037.050678
4118.228940 1431.598016
6901.656050 3247.626999
4740.705421 3712.146753
2212.313543 115.552476
1462.731595 7313.442132
6971.009943 6417.142531
8386.922257 2864.907009
1829.904242 2738.642341
5275.026698 8307.020394
744.882422 7359.227085
9647.654176 1619.156022
6441.065515 918.689326
8916.777750 6563.688008
7738.908793 1735.417493
6126.595465 5031.173899
8434.591570 6341.990581
3839.696596 625.063808
6915.229715 7683.810684
7302.832633 6546.480319
4072.353409 3077.462079
3320.072491 3445.926825
4213.402827 7296.239286
4540.123309 4434.165765
6227.463304 7490.252933
4687.523665 2358.151569
1415.557315 780.613651
4797.965350 6295.424182
1484.884234 407.398062
5573.253090 7290.659104
1511.552963 6312.924562
9906.406904 8250.267435
4913.876945 4608.780225
2840.369920 505.157495
6074.048145 4835.960340
6001.699610 2508.772452
402.535024 8054.770904
7632.886010 6785.559379
9031.685676 8505.538084
361.652275 7359.861140
3113.202934 8125.217197
1500.318776 4635.915334
9322.524575 2443.154392
4411.554311 7073.668106
7968.362864 8256.654810
739.814276 1458.274611
7647.158687 2449.432595
9672.320946 6798.931294
8466.601842 6983.986536
7379.661890 1087.805584
6179.673640 6799.488043
6935.975607 6936.041285
460.698576 8486.863470
7751.350263 1901.349248
6245.582862 8009.622266
5444.540986 444.957930
21.240413 221.549714
3576.288610 8693.230634
5841.000059 5283.841198
8828.909093 7281.338237
8365.443177 7383.412015
4323.902010 6731.106809
942.906655 2687.194106
7697.994095 720.030966
5770.199495 7668.047519
558.523005 8678.882378
248.050025 3768.791757
4608.197718 828.789538
3590.020505 2450.437360
8919.695335 7906.167654
3101.731868 9100.875764
2282.011570 3532.806857
8552.196242 5283.507926
1897.966478 3418.984722
2248.707725 8673.120566
7864.273317 6831.814099
9696.609716 2728.572306
11.870861 6532.324005
1078.802918 7840.218277
3598.655599 2668.214086
5894.768492 3367.383881
9978.543852 5665.589026
6036.777875 6010.020802
7584.507415 1723.981986
6988.845501 2713.144652
277.690002 4397.966406
4448.778285 8194.327242
791.129728 5503.477922
9118.761591 6940.942363
5737.692269 8669.485825
8160.092417 8307.105979
3412.030048 5171.351527
4755.581392 3070.380960
2805.253796 8260.270059
7574.085928 8627.266766
9052.610951 214.828899
7399.500527 1943.141076
4268.108789 3244.927916
9010.305043 5811.442129
2379.914638 5241.719126
2871.132969 4747.291488
4887.420676 224.917041
2350.600516 8142.141575
5226.777342 2719.692464
2962.842042 3038.543542
8544.988809 2291.922885
7903.518345 8134.403914
6708.072120 4697.449905
8126.969541 1754.361813
7726.508537 9014.664227
9912.027457 3938.406064
7958.521346 7600.900880
3626.645647 4255.753355
4859.386303 266.120899
3759.460566 8235.756953
4716.307221 6525.791802
4484.524459 1569.873526
172.444204 4087.142841
5695.495344 6242.869905
4210.907088 1583.281818
1964.380198 3901.860889
5712.109953 256.814434
6932.091732 1189.651354
8412.583282 7588.320877
1332.372635 7458.045527
2006.002017 4533.183417
6624.960199 6454.781576
7939.592678 1998.142929
9639.779080 5656.203934
8631.481444 2370.930823
1200.736749 5877.446148
1119.215761 3790.094721
7271.792914 2564.813090
3680.083674 8864.855494
5083.581303 5186.736293
139.247548 4142.655385
3968.210427 9930.871355
2175.656559 2687.398939
134.744840 152.756333
6916.343503 7731.449663
6349.998838 7817.849466
5712.278297 8416.857303
6438.924938 933.498952
7764.195314 1377.915089
8180.751102 6763.651084
3617.674639 3467.538284
7447.446538 1379.493128
2078.307906 5123.547474
2923.734256 7717.879905
373.612093 4890.698827
8593.881684 5285.955352
1670.139339 6932.135257
5660.018946 5276.229899
7679.569035 2726.689862
5063.290296 6969.214357
9234.222425 7200.051107
8660.888290 2060.178230
5700.956626 4538.004265
6770.934576 9297.593448
2179.772054 5104.391992
384.125582 1986.577464
135.580736 538.079384
3913.355048 6280.390213
2348.865720 6393.012629
5141.427021 365.608072
2594.379354 8494.860154
6265.142869 8930.685317
9490.774991 8723.623211
5869.777529 5708.200065
7311.103662 753.021699
1380.993651 5784.013267
143.839251 3558.668523
2440.528219 850.093576
2295.380916 6646.794108
7004.857084 6620.091243
7021.071626 3362.720039
9786.529236 5262.645454
4351.115732 2667.852280
2326.261709 9613.178560
7870.129911 6352.967984
5282.176964 5069.710791
7119.293701 9528.204592
5594.763881 2722.736724
4147.500685 5405.073014
2709.050623 37.614925
1099.184537 4301.754769
9611.504416 4578.997331
274.765320 1507.462490
2279.809236 8796.275941
577.705373 7412.061787
7606.802924 1888.335671
2856.719124 7029.270106
937.954031 23.531833
3381.358845 5435.317498
38.984684 1129.547608
1600.157350 7939.377569
4793.625328 2675.795355
3199.029419 1474.509239
5409.697835 8216.102622
6825.040873 7039.656337
8390.723176 915.720260
702.556892 5856.988072
828.005239 7400.894466
2988.066519 1119.258181
6734.642863 7067.076898
2204.255322 2117.676439
4306.278925 2072.870975
9435.371017 6918.196243
3900.435713 5086.754088
6277.450173 8043.077477
8750.739891 1615.821222
2771.221024 8865.837999
9470.758170 3798.019273
6407.862857 667.469634
4057.916517 1219.621384
4817.421915 4441.396192
3283.129251 9159.723878
7784.541963 6851.496134
5577.985833 8639.759012
991.870521 2782.782062
1742.365096 2105.259116
2014.437463 742.840784
6472.565226 2739.653471
2768.648080 8477.291635
3362.052108 7781.701735
873.197347 4169.545669
111.548928 4572.680883
5344.819945 9841.744147
425.465512 7863.013171
9734.168995 7447.441525
6283.831502 9713.332779
8888.942017 1738.330107
6553.299350 1759.764924
262.070600 836.233377
561.721598 5172.582175
5034.318676 4325.509704
6856.946048 9813.033056
3197.306625 8432.502205
4001.376811 2943.591058
1688.577635 9191.046796
5307.043431 498.053116
6865.485691 5726.754530
8914.656417 1765.217657
1810.717065 830.063240
2037.631604 4846.769034
5502.831722 1774.640627
7234.202249 316.238229
9050.264830 7126.038299
7666.133244 9115.447287
7349.629830 6476.393449
811.046386 2905.601567
4640.768645 2966.915691
5191.770930 4663.945053
645.394484 4578.986267
5253.916867 2057.471545
4924.788677 4469.256303
8339.063859 189.914568
9704.034148 1721.271472
5733.190321 6417.254715
1742.764582 3703.503660
8262.885929 3205.194611
7209.361811 4788.199969
6401.615477 6772.729754
5714.856689 1118.934805
4466.715130 1365.692345
9565.926699 5565.342453
3237.523931 3960.672604
6869.276572 5624.670951
5010.748651 2125.719075
6899.851699 9081.186405
3580.016384 1722.859016
4821.665316 9311.850583
5574.624660 9533.873627
4492.208695 4898.481253
1917.726147 394.735731
8721.940594 956.023834
9910.717048 8576.689336
7663.472735 8988.265652
1064.162936 7315.579881
3219.816554 2285.925439
3939.742516 7750.602524
2128.530323 7387.938515
2243.620183 3947.641978
1449.629070 3721.416483
4701.049475 308.883649
9545.686916 9163.290781
1105.817758 1536.349420
6836.013037 3064.070066
2424.983594 2993.261002
2013.098547 2053.548168
6636.103613 8157.769070
2586.894875 6606.243240
8632.848084 1175.525629
763.044490 2248.798839
1985.098035 6806.698015
4061.377536 3556.748725
8370.263083 2341.079593
3483.108925 1703.803420
4503.744657 1337.668806
405.771684 2001.068564
3675.909394 6547.278124
8249.948895 185.789808
5885.000217 4072.359023
5606.736029 7627.092331
735.845143 7521.625266
4150.894607 2353.690158
9831.222105 6162.562891
7714.833953 4456.173785
8950.654358 3135.036288
2895.850414 1120.493463
7733.074750 3659.998820
6293.029670 6531.338284
3339.435606 8681.954283
6823.999438 1704.665658
8483.052998 7870.905595
5262.317834 7697.590602
4909.815141 2467.743628
2434.379378 3941.426214
2847.082768 3727.870862
463.931284 7675.720842
5067.791068 3257.795490
4647.563971 8225.320168
8310.595832 4223.552335
2195.503338 922.613801
8471.012813 1447.299169
1621.007206 1774.840703
8637.242079 588.869375
4878.815932 1509.374424
9505.559850 5634.643895
3745.155118 3240.341272
4711.097822 5422.160001
2735.297322 6127.107334
972.897152 1739.666863
3105.495301 4694.278943
5014.475951 3070.724607
4500.270342 9337.202069
149.897798 8919.179071
9567.765868 8039.713564
2438.957785 4197.831486
9718.060312 4232.267191
9585.349402 251.437044
8383.107782 5279.922094
694.309494 1404.895533
5328.469397 7175.069634
6693.612324 4299.716783
9185.375908 6683.478813
2361.065200 9438.362960
1305.516343 2048.965647
5340.988086 9905.777603
7905.423653 9454.799476
4691.759539 1381.700805
4560.924508 2860.949120
1407.182317 5948.370897
4802.427604 2392.387862
7397.454618 4058.372534
2716.829648 1071.423357
9429.338373 9909.990113
6265.750572 2270.323811
7054.255866 1763.845475
1106.341723 2667.970466
3783.873767 1203.293619
4213.387871 6303.836199
3701.793931 4555.716250
8559.707473 3800.369891
1267.476656 4373.622544
5562.740366 3433.602692
2539.146510 3276.618194
9147.396883 8862.993782
8268.099374 9508.907825
5608.508683 8471.725223
7222.166106 1515.946078
7881.143259 8612.771781
9279.776018 3727.026978
8171.093087 3442.042012
8627.898443 2743.956846
9285.309186 1953.148517
5905.839387 5031.686162
5121.959360 2373.069529
5001.037249 4383.031615
6732.782478 4228.404987
1159.132639 783.936609
4124.463136 6417.281075
5451.184413 3949.188893
6988.157868 1607.592644
8839.172910 3564.374273
8196.417000 8086.703240
2586.212925 6194.842000
4054.836544 6028.307323
1565.414483 6533.003571
3768.945685 541.628745
4513.114941 8858.730375
9371.167636 3126.055511
9733.073433 3236.837077
9563.902152 6501.683087
3842.879222 4017.637057
2506.620609 2033.404670
4328.682931 5145.196617
6934.119182 6498.080435
7855.975087 905.994721
7164.304329 1615.698043
9449.679360 8294.375778
7908.030988 3258.164982
5716.520549 2195.406970
2350.514771 9010.862708
9525.162584 4278.497541
7540.373209 5997.409646
9216.373698 7817.728924
6352.866310 7735.771398
7593.432443 8975.529646
9638.003437 9003.329538
1307.039346 9823.927320
1461.574815 4492.376543
9464.889982 4226.650649
1282.040404 189.189631
5607.716456 7083.029456
5802.351140 8278.185805
9617.140499 6981.167560
4687.504789 8392.499582
869.622748 2085.742498
1209.639588 2573.195403
8389.574033 9846.025076
9095.099969 5597.513075
9810.960559 266.917617
8137.893501 9355.830657
8034.278340 4635.245378
7028.937036 5693.459939
1532.762626 1750.299046
9040.343470 7253.569428
9656.034518 4152.036623
9127.717712 4281.923870
3993.733617 7601.085461
9943.456222 2525.685175
9678.995432 3091.182375
8540.361302 1393.117387
2269.566863 5927.249699
5834.552855 1546.404106
8492.016800 9191.816111
9472.831381 4136.091211
3798.224634 689.164818
2948.126013 87.683085
9364.624597 2030.380312
6758.295347 5976.814248
6406.204803 3435.337053
7583.110686 6061.185081
2496.672403 6013.545975
8591.111047 8532.599901
8240.832220 7839.304727
1679.032620 1289.425429
5823.915612 3156.691837
7389.798147 6463.119586
305.721328 7334.769131
8538.051820 3165.281951
8351.255117 8354.332631
5590.181011 3457.292988
4745.471151 7189.375694
912.482247 5205.324581
1319.255160 27.998924
1668.440749 9806.544807
8934.530180 6849.647894
1634.725522 6728.170681
5795.397973 4411.375140
7220.128651 5379.526728
9818.082274 4711.657066
8918.601433 8122.844738
9402.229065 4777.985764
8748.323850 1963.062515
9779.608756 5983.370678
5780.141475 7139.101622
7290.758159 2894.587955
5414.469866 7502.654665
3821.882191 9824.360761
811.698693 4142.899048
8169.627073 8481.141296
3587.497775 4891.716710
9158.899141 3416.781497
7491.877117 2442.607887
845.459851 2277.127007
1953.234057 8995.696058
3154.295675 6658.532948
7810.029160 8882.094252
6974.835318 4949.393701
1684.525762 5611.084702
3636.195624 9857.381574
8343.055538 8410.599098
1821.244343 923.681300
6450.181329 2259.559683
4988.165141 8948.375499
994.400120 1056.370852
9589.461952 3181.849926
4411.544393 98.406093
3599.836938 8498.454681
5196.068097 6023.145702
3037.191478 1516.462109
5774.976283 6716.114239
9102.556324 547.987383
340.082334 513.346918
1420.632273 4629.644502
466.710481 8798.423693
1774.177660 3737.149410
876.382863 2095.936499
7256.525667 4124.606587
8439.315285 9198.128128
9876.885032 323.949096
1597.225322 4059.758693
7109.622292 7776.016119
5507.426486 871.627958
1613.249653 89.910151
3527.777915 8707.424390
5804.108958 5044.841056
2187.860037 8040.120783
7596.682537 5218.706712
4522.422939 4779.436408
6384.613986 5230.594146
5539.948776 6485.808033
3656.513732 3160.173133
709.645107 7206.816883
3343.345162 2356.749231
3235.615614 5918.230077
6539.848097 7566.290097
8627.485221 1482.654344
7418.096760 4573.383701
8113.476127 5037.683112
2713.881043 700.872138
2898.726584 511.624429
2615.664363 1650.917388
4435.067483 2536.637446
4414.541217 5812.543411
1821.076066 2212.421785
3588.355554 1320.382194
4661.504823 5391.124437
1217.893357 1212.429353
2503.223772 8362.570514
7373.198586 7121.920244
1749.951232 3244.658405
4046.666477 7531.061168
5953.087237 4355.588405
3497.022139 4641.443001
2850.969389 3584.258564
7684.907019 6109.987078
1317.441798 4708.917524
6541.207381 1794.103230
5504.845704 3424.116875
173.124822 2200.540299
7310.545522 7602.973336
812.300916 85.868830
8151.664573 3577.029830
7446.351244 5117.183319
5495.069738 2878.327930
786.837526 3143.023882
7441.703101 2076.977174
6449.566124 6149.402923
5467.373760 5707.693871
4822.135722 6593.830598
673.005574 3890.799335
246.426106 8069.845237
7955.480473 2377.344109
9822.516047 894.053364
8961.449599 5298.047694
186.675652 9654.063044
6378.211911 2547.313381
5046.087855 5882.056818
5165.399594 5087.754989
4368.126355 2004.052907
307.300337 8925.684665
4262.686790 1407.389769
4328.400818 1295.200671
2013.964069 2921.676535
4294.592362 8530.187479
7718.772021 4010.635271
6792.559165 4828.920147
1343.148785 2690.127927
5485.176483 4008.387795
2367.677868 9520.551662
7074.868028 2917.690550
8949.995630 3931.128784
35.925266 8773.817181
1312.198113 364.660057
2043.344701 779.739798
7887.466971 2045.169464
2302.668495 5999.092320
4086.456238 2521.764122
1705.207484 2877.990959
6443.283604 1808.275692
4691.125522 5987.441743
1572.051416 9858.432808
7439.146953 3024.563305
546.351392 6489.357620
7972.138897 6537.398995
3430.896834 8850.605218
9270.532505 4071.090845
8332.340203 0.373637
3309.291537 7851.498162
1063.220392 5310.240533
7113.802675 8783.757519
1572.850313 5677.881700
4155.285470 2771.772818
855.239101 526.292876
9156.734672 8321.466123
6645.578772 7479.396025
8676.507807 7707.675315
7931.551360 6283.618632
4386.726064 6343.333942
9834.383306 4978.049263
4234.369200 6557.236445
6398.932786 1775.201372
4273.042170 7511.332126
6535.295250 1948.623326
8964.437590 8837.747138
2844.853114 29.664930
5191.519918 8331.541007
1502.374524 8296.284600
6186.109963 9506.335969
7692.825353 7836.339310
3330.733009 305.456938
7218.212031 5348.571154
7820.803027 3582.238307
4628.239750 1673.068324
8630.245217 6138.669123
397.290684 8123.401929
2720.754104 1470.108521
452.356478 2877.875110
3987.512757 2248.226967
7520.943054 2278.810344
165.425405 8992.925505
277.465477 3205.807780
9758.195555 5582.331918
5486.109296 8509.521777
5914.516218 5110.558254
169.012897 2021.149307
8939.769198 5681.454947
1052.794996 5081.951672
6210.872817 283.342396
6967.304794 5268.414656
7504.695827 5008.951852
826.909248 3408.067025
2557.957906 3255.465622
2357.590857 277.834123
6124.638684 4991.993782
8561.416912 4801.653725
1707.493557 3147.789701
570.177377 1315.661923
9721.685784 596.698715
4380.970898 8333.794021
5479.200448 4873.986744
6524.105418 9685.685210
4724.468807 4607.007968
2490.250710 4013.757959
366.130133 1154.428774
1001.980663 8650.423883
6537.771903 6767.097698
4454.510637 7165.869691
3161.045167 6620.327015
6787.615453 7679.657033
4450.694079 5036.809488
9348.812655 7015.910179
2116.948620 1665.202620
3082.203162 6833.634673
3984.276390 8712.465777
3499.368095 7166.156670
3309.814334 425.854369
4779.078004 8171.662989
4004.023760 8894.815528
3295.906891 859.505990
1920.786029 7238.804062
9501.074733 7955.342291
1772.060946 5838.677745
9330.206886 3502.549154
2049.982499 7733.848217
1739.301527 5214.931405
1488.811968 9302.810207
1216.990216 2607.462578
7619.088573 6323.034455
2216.123201 2419.341633
555.330361 5467.159051
5502.280234 7078.376660
1087.703962 3096.207807
6816.790612 2233.786155
9838.914718 2706.735458
4798.821485 2875.575066
5262.558078 2264.900242
7809.899759 4211.644778
792.900961 7135.428256
8299.904983 5917.550995
4634.849249 2491.315284
3585.740936 9268.563144
6492.821872 1579.809594
7055.452217 1648.852443
6212.176024 9417.659476
5064.861154 6784.909828
3607.504765 4438.161926
3096.871452 8841.947963
8743.041707 4480.192712
4707.528885 1059.812089
277.108312 2678.004152
474.048798 7844.275345
8800.763692 3034.708119
6672.104273 619.632722
8576.099386 9706.266866
9790.195554 7316.097048
5136.022097 145.684832
1706.079479 2626.509722
9766.134202 6589.359264
8088.407649 125.167160
6281.104290 9898.171531
2740.977556 7390.343535
6734.205842 9061.340933
3263.307818 7659.235296
3316.660193 7627.468510
4727.676904 6833.597825
3174.808498 8980.173284
3071.206225 5288.618620
3510.822683 6225.346145
3733.026294 5781.833815
9702.893130 7787.935172
4783.115034 1287.091375
9099.008463 6213.394309
1583.602984 8870.964627
7369.834351 8733.406189
9517.840517 516.560872
5206.194945 443.094799
5154.430861 9419.015521
5492.567132 3561.319338
353.771752 237.072550
3201.813055 8760.544819
8476.784029 4379.204202
6878.680287 666.382490
1143.930409 9236.030432
5310.860504 3113.372634
1988.435913 5931.340814
699.324133 4422.873330
5823.093089 9022.933566
2315.578562 4123.123463
4756.563137 2989.290014
3355.438917 4858.784290
3517.072926 8939.740017
185.871230 4502.165900
7043.719315 9944.453494
3615.428041 5137.495973
8433.005406 8843.417572
1373.154770 5993.490737
8142.834103 4475.234379
9798.330124 3232.685211
4614.106017 8902.839946
2368.523482 1040.896018
2752.681187 9706.855826
6755.207076 6586.271373
9165.952965 3201.319458
8336.649993 7963.267951
2815.789468 3671.082060
7840.640622 6066.477190
8102.037815 3352.917956
8906.153054 2347.889947
2012.259408 8186.740753
9035.996174 1443.750648
1796.831812 5272.354955
9991.280547 5576.793971
799.207672 9264.003836
8527.528726 2725.955689
323.081227 7427.266087
1698.019547 4069.691725
2429.880632 7285.532002
564.356265 1288.020102
6908.147640 9021.383164
856.292693 4390.676848
9698.450704 2884.028977
8123.445827 4019.327853
3621.647919 6750.360600
3463.477405 2374.643674
7732.183900 5331.082868
8495.850591 399.133277
3512.227839 6668.839513
998.934915 4483.910298
137.895314 2972.723829
2712.819664 2276.744282
398.772602 5410.921204
5101.469462 3280.071421
1980.827441 6161.148681
657.503186 6625.610674
3992.798102 6687.225391
4784.055996 5876.864098
9721.797949 2753.345906
5644.394935 4596.666052
2029.044398 1221.565095
4862.236149 1631.032763
6806.404379 3119.708526
8810.230430 7349.826804
1216.772564 668.304237
5295.866404 5983.973276
5802.768051 5971.775412
5201.635782 1070.788275
6097.317144 9093.800740
86.079546 6735.103558
5687.748617 7803.281690
153.612444 171.145860
711.313823 7746.082640
1408.375112 9100.414998
2277.519729 8116.970756
8175.841484 7076.137567
6806.363252 9671.925247
6490.063854 994.941027
6058.488625 2939.062144
4704.290236 6755.743701
6155.018792 9842.561101
8555.920833 2595.649771
7780.434576 4033.999405
8801.002355 970.416718
1439.372254 5761.338510
1339.546627 4375.378785
4809.597552 8945.864819
3595.629873 4004.513599
1457.093734 8192.522379
5991.686493 1669.079148
5817.812244 1555.899558
3135.739450 7070.632747
7877.979839 8223.261027
1094.048527 101.957037
8497.130155 1766.689398
3972.403006 4476.391333
3455.308971 7571.822711
5126.229738 3001.527151
9703.617544 7724.336920
423.227410 4839.882029
8714.485085 7074.739700
9554.571304 9272.804981
8485.701045 1561.847396
617.232849 8199.524732
6420.933496 3383.432003
5919.186786 3612.888531
5178.214050 5175.120355
127.144369 1436.370387
6041.809209 5219.681535
4863.413050 8555.010915
3202.936425 2788.427982
2260.077839 4142.731064
4556.893064 806.762688
7033.728417 7253.079270
4304.984463 2667.629938
3734.086441 1895.716930
4770.858468 520.718381
9680.711236 8338.944277
2572.101327 7022.469435
5988.956205 177.500174
2083.926447 6880.072215
3530.772197 1687.694332
909.885136 8306.865382
8600.387054 3031.210749
9501.654545 8069.696971
7869.231431 9830.796182
9316.286728 4949.098488
1314.715768 9254.306896
8316.418345 8785.828452
6322.454342 2496.323923
9064.077396 9433.649950
9480.501189 5352.980226
5801.099817 3511.347020
8833.951862 5339.007063
2730.403105 1903.149420
3398.404633 2715.635496
6731.180058 5022.987274
1393.612642 4318.499959
6322.441290 7232.543970
2877.929454 8989.003380
8203.701981 4699.773525
8177.054564 2346.263915
270.079623 9658.195379
9378.123109 1786.559258
4928.025497 987.990085
265.553506 4443.169889
6947.507371 3389.753548
771.211423 7546.732167
6397.275026 2913.853651
6184.105768 7733.914406
7399.585626 1964.241304
9741.251645 1694.994390
4410.344448 8508.929047
8568.276154 5654.882192
205.097988 1537.572238
8880.707426 5344.423629
8229.100223 1035.405179
8282.379065 4104.146457
8272.053303 8800.465596
5796.461880 3161.546697
8059.481581 137.899256
9297.369194 5034.788332
5711.000127 6045.763322
6259.954739 566.650202
5537.986167 9538.926047
2381.832636 9185.862173
324.379479 845.393838
232.208066 9927.928784
243.319674 6899.695877
2535.073559 1343.514816
8809.135624 2374.128649
7142.453759 2066.843735
7627.039694 5560.302576
195.907385 4734.445173
8771.072270 267.168238
8861.539818 6933.902318
8811.500695 9730.642606
7439.706783 3827.564070
2899.095635 8146.155513
8144.272217 8898.766877
5602.330354 2700.597593
8846.865537 99.702009
1045.624226 2067.053493
5870.992401 9596.634202
3051.461069 7786.146316
6495.960346 9806.886297
1590.276273 3407.250071
6983.044554 6785.891398
7770.819386 8136.970809
8065.208739 6247.813764
389.602765 5353.186522
2336.206300 5549.290043
4323.529256 5747.334788
8619.051206 1452.892222
3905.596155 4023.475952
8797.107984 4379.061250
3860.002390 4393.051777
8768.353143 9593.946218
7514.078085 2685.559692
704.401358 419.136488
2677.094567 9637.250641
1560.533348 3641.176716
2158.115666 4874.068783
7560.719008 7232.949399
1735.644049 2715.750693
3576.703853 8119.476677
8269.319990 5596.780225
1749.148078 4529.774124
7483.131522 2796.896808
7400.612477 8169.657275
7142.823639 5811.713855
9554.639891 3127.946285
2589.583814 7289.216275
6618.745456 9911.492908
9656.745234 7346.585064
8861.849476 1682.649278
5784.615894 150.699419
8119.671259 7808.996613
4634.975190 5507.904613
7526.803379 8384.865548
9161.871442 4014.351725
7416.339377 8853.947628
5371.311315 5179.297246
4958.245624 8856.991225
805.999795 6150.656739
6951.750332 7451.991099
4783.977894 7993.314861
9430.259256 6799.365745
1660.932305 3866.875879
4954.379211 3087.036946
3320.212159 6923.946186
3254.485796 6058.603165
3898.213495 9183.336287
1326.910745 1594.498557
1474.016083 1658.028721
643.682199 1748.290060
6163.248865 4213.945165
7317.254376 8463.859336
4409.813671 4647.986717
659.566541 313.316308
2519.260628 9409.619624
8907.194934 7585.469856
8259.210456 3747.779805
229.335322 5341.316808
7222.876305 5825.249862
1436.491948 30.875547
6229.764027 6537.739164
2197.457414 1811.207014
7007.307259 4422.956499
6595.328300 9433.015902
2335.770153 5896.556784
334.497701 6768.321630
1971.351571 7666.885207
4988.702373 2481.368570
6909.840636 5915.127848
1082.262465 5978.221466
9598.577822 4305.911337
1362.958903 7370.956955
6531.744614 2990.394907
8975.161455 897.630061
5531.384848 6216.372067
4670.078857 7863.444472
9171.543114 1323.932869
7176.264932 2552.332209
4226.023748 9274.826167
1291.827938 440.797203
5287.761012 887.401930
4969.372771 2369.814398
7403.108465 711.950773
7766.477313 619.275735
9891.941241 8647.453506
4909.146477 3926.855592
7390.195608 5957.194772
1937.609557 6727.544495
2031.167155 5530.109832
3261.619730 1189.692811
7531.619151 1107.070237
9265.752485 9323.294637
9556.371449 1552.931328
7041.664278 8923.454977
852.719014 4264.770243
4847.952654 4945.389706
3385.622873 2002.299262
2135.031305 3820.584943
7900.641454 2770.586647
3165.326128 9122.811807
4419.117576 4842.639668
6297.297344 3148.297090
4054.048630 8171.687201
879.749151 7765.560827
7794.862450 2829.077031
2784.503206 7395.350402
305.114382 6674.177319
9317.797606 5751.480096
5402.261014 9861.076195
3396.300044 4097.983953
4882.245266 2913.489051
9109.503448 5479.036824
2835.901979 5510.472323
4905.861531 1451.312414