2048
2427.571141 1097.580431
2451.042846 1102.601365
2701.251202 5106.667633
9609.707919 4209.118696
6810.485109 8213.065499
5617.158437 1107.999238
101.155340 1339.875725
8492.520299 1840.198475
2603.395810 4996.346896
4703.932198 2862.156323
5618.051908 6986.513152
1907.237181 2049.320749
8380.852307 8188.578944
3058.220936 7968.245850
1984.095161 9487.564038
6338.990524 4602.208220
1179.807609 3002.817412
8482.541068 3404.997992
5210.336502 4295.323176
8763.802554 5572.598516
3016.476368 2783.802264
6766.992361 8726.176420
9781.950801 1413.541595
897.558074 1169.032707
9451.785210 3894.601775
4943.899629 6469.195602
8540.335448 7754.253950
8601.443632 154.606997
9520.421149 2860.854860
2254.601028 9245.095617
8960.686768 2407.894157
6825.848550 7566.332705
8864.312994 2456.260826
8795.699402 2082.815316
1268.697706 977.129546
5917.475400 8173.832568
5944.265814 8047.407786
1908.839076 3665.545100
6973.587000 3332.911869
4824.810636 4345.647664
8128.625337 9574.113224
407.706737 3823.653655
3037.881736 6612.194631
7454.251747 4858.231710
3814.176225 6580.219233
6073.561921 6868.554894
4956.575920 4855.274285
5315.084152 1823.169644
3168.767981 2584.060327
2052.886097 8602.886292
8481.326278 7987.322680
64.400747 9564.332390
9134.255270 1198.916012
7651.837046 6329.765272
9394.806722 4284.961081
674.300696 7284.339231
2728.032369 8290.187033
8634.966159 834.744484
2327.670983 4702.139009
5635.236159 7981.684343
8514.252514 7930.081329
6381.819224 1340.310982
988.135196 326.715271
6426.392717 120.909213
236.943067 6225.277518
3992.878205 984.780077
1653.729822 5588.548891
7840.726307 9189.458285
881.967878 2858.011046
3993.658041 6329.511229
3114.731868 9711.404496
9651.394039 4206.875775
5827.756956 490.442599
2185.040303 3559.660817
8091.318057 8225.917355
341.608955 9481.979474
5758.056990 7354.304422
9825.015665 1375.754396
9175.831484 7364.147655
9607.249436 12.890444
9290.365860 8395.102997
7225.135791 2586.040791
5503.095978 591.659195
4247.946336 5832.056711
7168.543634 8582.655214
2886.630934 2404.580193
6237.316071 8052.426214
3891.565949 9401.440669
1718.812303 6339.629364
6596.637526 4099.674676
1310.734504 4142.331623
2439.210805 146.862605
7451.771477 5034.495529
3741.702803 3993.312743
6126.660614 401.932657
8901.454046 2827.533595
4984.733848 7054.403187
6583.579569 1305.247404
9501.660291 4386.447430
9988.236660 1113.694004
3337.305967 7137.069630
6210.911759 6673.966430
5841.185742 7109.935124
4342.555147 8410.451954
3856.628985 9683.091251
7278.653518 2618.481187
9976.538874 5016.194681
651.362439 2368.779771
583.958830 9897.625634
7181.435314 5484.447141
2085.505412 8114.721995
9812.637985 9710.528230
5853.718203 8767.564797
3430.945185 9855.020514
9499.905872 3089.166524
497.677304 3595.071894
62.599312 1610.280515
1735.417510 8475.889443
7845.933180 3851.269300
6031.431765 8289.444553
6901.703180 1010.591586
3661.825593 221.631140
2407.915498 6963.346398
2676.132639 804.457882
8643.543235 5395.310899
2603.046097 5129.434989
364.570352 3422.120603
387.304638 1313.345492
8748.820063 3033.810519
7147.361717 8654.854290
6118.183554 5053.466764
665.922276 736.316665
4843.758712 3740.589796
1305.759146 171.745549
4458.467366 8819.617690
9259.803685 2643.328907
6421.105470 1330.618349
6904.970499 1586.730737
2623.887049 9248.181717
8739.904751 6661.322930
5386.733646 8570.107406
4551.295233 874.861025
5174.077740 9709.197623
2207.310195 2691.633767
7906.402797 2409.561897
9461.748979 1708.255244
5913.792056 8088.722884
66.179248 8330.646923
4947.745936 1392.498558
6414.818574 8720.650225
8339.957796 1109.417271
9357.481350 9797.466065
4750.536466 6690.561782
2920.903460 7471.567886
6992.349872 2824.964571
958.094381 138.942455
4504.911897 8384.510614
8463.613718 3605.201869
4197.218000 3534.813111
3820.107281 9739.078088
174.223272 7506.661118
5793.922032 8539.126777
2330.405740 1371.051757
2442.488568 886.980691
8760.294173 4678.736514
2447.026785 2455.506897
9436.745256 6016.829662
7013.548411 8036.742367
3679.745935 4321.178582
2606.200572 7626.896742
177.500313 8687.465523
2771.331441 3117.744551
9764.006579 1508.466317
2076.577679 80.392082
7079.908423 1722.652382
2981.855011 9278.923661
2199.052583 8163.142212
2483.397839 238.675497
3616.647890 9855.488404
5263.458455 1634.920232
7930.517888 4639.732175
9443.659438 2564.734386
6372.398054 1938.931222
5953.120718 6456.367067
9975.406168 4657.842069
1897.928339 3220.008897
8906.199283 8585.280299
2274.022088 3346.395639
8103.711323 3236.194567
6389.051276 9401.728208
9712.337750 8188.355026
5674.128287 823.335545
6178.073100 3159.606705
5080.731786 9320.513235
6346.484311 6082.556109
8307.951685 9.447029
5790.385844 1793.627374
8305.533030 3998.934229
7096.060689 6004.401305
5254.798728 6109.568625
1843.120496 3333.360613
3744.137509 3615.516537
3510.242386 6237.419942
1034.066517 2790.818661
5642.353761 3839.171008
9971.501658 584.983506
8362.696455 2085.188289
6712.622294 7834.255085
2274.069331 1434.538593
1814.485981 3060.902183
8188.169711 8096.831870
9129.302520 1119.805259
9346.216934 8851.622966
1084.753238 6626.123758
3104.591103 4625.855269
7660.812314 5582.310839
7913.064704 4530.953389
1543.882689 455.585581
1858.359003 3737.502618
1798.308875 4182.447340
1844.555601 2433.378684
6512.812096 1139.036804
4845.970862 8174.289800
3129.875083 1590.585605
6584.376277 6798.549647
1578.211014 6731.680292
315.061908 4891.943181
1968.228274 4161.561203
574.994413 6431.762485
7166.180959 5088.845932
6005.162390 2901.235443
9823.816639 1586.985053
5359.345437 7788.312546
8529.149439 9070.325948
7996.125628 8778.200789
6759.605695 5882.330461
1505.231397 7698.983442
8922.032292 8199.962577
3799.932360 5607.131512
6309.067447 6236.842158
6359.289379 1189.104602
6350.638900 8493.665709
2411.465643 6418.622031
2101.504242 4702.045488
103.110034 5663.075232
1062.193785 1320.310761
1175.655739 496.704231
6700.950290 2729.661373
9628.276189 2353.309742
6992.607567 7631.151536
6033.965402 3031.303983
4528.555584 1210.167558
5098.192475 9047.203730
9868.877260 602.438649
6026.744806 8620.799506
197.649919 6440.953671
1916.598240 8791.038597
9565.548803 6142.611501
4241.820703 3036.916001
8397.773876 2152.828655
4653.086566 945.883237
6892.346178 3118.801364
7623.971171 3177.768500
373.109220 4447.305651
9470.424898 4123.571500
466.293125 5012.306580
5277.598456 1991.388970
973.395260 3987.341791
5533.647805 7794.193796
8388.480593 5840.920460
690.708713 7618.461749
3706.571793 5389.520722
9644.285652 7660.135475
9838.241815 1491.457739
5915.736114 1239.688268
7224.348511 661.193741
2100.255074 1756.452687
3364.183928 831.967009
4038.420245 6299.005776
9666.272398 8385.642765
2917.390127 500.492761
4483.206738 527.601053
1810.186729 4014.169607
6238.351087 2897.846430
2838.671947 6964.123435
8083.100689 4520.569223
5692.673995 8921.966212
2878.601733 4021.875229
1756.021458 3117.329857
6585.045210 4024.936191
9015.036903 3082.268980
1442.033888 4033.259900
7125.109350 9286.872242
318.006051 9962.994753
3265.177404 5434.978154
7867.964591 893.613453
1882.273274 4084.194257
9340.996161 7994.403482
8775.019873 7820.895970
1475.652537 4920.765971
105.579542 7783.790513
9358.233083 4719.898744
2335.052566 3849.580983
3314.376814 2719.582832
471.560300 2796.488240
1893.191694 1312.854131
9262.856774 4723.936358
6002.893449 6584.820807
9930.963620 3821.644456
4927.505686 5445.955879
7752.501764 5585.781168
6078.798070 9361.837612
8228.750347 3536.209700
8042.396818 5847.485253
101.642230 2122.776048
354.592719 3637.922299
5003.243770 516.920501
2689.398304 8767.405689
9321.979001 6502.234259
2246.441777 7309.989528
8762.260269 1453.150733
8875.291968 8120.002405
4163.671663 5867.020832
2443.503702 6655.666258
5131.045144 1201.116350
6627.554216 4513.630801
8070.001009 9754.711803
7574.180383 3125.006091
2821.205083 7167.662781
9792.217224 6628.889407
4125.812859 7257.429216
9728.958237 1534.693967
7267.436163 6374.301752
4212.337792 1440.212583
3513.736312 774.909324
2787.905898 3781.184350
9800.092090 1915.227001
4703.940313 6114.949008
2757.037812 1642.140471
8346.936465 9417.370680
3675.035164 3373.418140
9296.098862 3667.405849
2959.753982 5065.365926
5540.106019 6277.083318
7264.095418 9371.729618
6950.069832 3491.683279
2479.473444 3503.987019
1437.105572 5021.774584
470.800304 1152.012327
2523.417402 9308.023657
3546.648038 9870.086949
7848.615312 2236.063096
9039.781995 3266.770282
8131.668108 7293.236045
1947.991074 9813.629545
1976.626063 1129.140133
5971.268624 7333.942016
9612.810630 944.212657
685.851686 7700.915350
4127.785292 6525.544865
9725.635002 9881.010546
3160.922153 155.979971
3649.944146 8331.656157
9192.730780 548.143432
4405.588158 7978.004823
1748.509572 4795.723664
4521.728802 6337.423765
2578.253010 8246.768851
5895.078219 3213.395415
4030.668303 9655.231907
57.440277 1963.419046
2566.336485 3059.384785
9198.720241 4576.720401
3848.531644 429.730980
2706.064514 1057.373722
8666.766226 7690.863901
5977.566567 7304.369000
5878.680571 5569.423047
7506.385585 1340.868956
472.887736 7285.858729
3281.039209 6806.027792
7302.942841 5776.319894
3167.201513 8070.507583
5682.870321 9580.714966
8971.748857 8029.928695
3578.771652 1746.479327
1203.271887 321.958654
7257.961308 7319.734949
9723.440947 1817.527325
8555.956498 8994.091494
678.056418 6338.880990
9643.763146 1384.387498
9119.033366 7139.215835
8647.285109 7127.736009
3494.621236 6226.246561
4751.948033 204.139080
5836.057257 8198.329439
6916.025460 1879.226840
8002.832768 8642.173590
7506.202471 8446.695911
9003.635628 971.812701
9930.007082 8230.997938
3380.532257 4457.247576
4842.650758 3673.817459
2089.300726 6461.461350
1236.446089 6160.045809
6421.419158 1791.904845
9338.349162 3326.091554
9697.235492 9557.708477
5587.464420 592.067503
7554.413129 8342.182600
8822.701847 9624.095144
4671.690884 2376.854573
9509.491024 4061.406938
6035.951594 7542.536945
2435.975349 3350.286413
5649.413664 9759.556704
943.732756 6651.664887
2068.979328 4756.027408
6383.218819 746.405649
2322.092794 7624.057804
4231.425171 8308.708140
7818.995153 9730.606661
6230.118281 7857.343947
3101.700792 20.100498
5458.876252 3732.251149
5151.295277 4766.943297
1321.273717 9366.605026
1255.536529 7890.776924
9278.583540 4568.741477
3654.535760 3477.478611
8042.401975 2460.400248
3182.445705 4602.242818
9215.039669 9049.603052
414.379907 643.651187
5762.363299 5851.506603
5494.950674 2427.019795
9379.556403 3437.073218
289.226134 9030.845009
1966.750596 7445.076083
3775.337910 3102.594604
1544.691546 1392.873854
2766.665189 8546.921347
4328.707023 449.625435
6894.239676 2226.539354
5000.268479 7706.538335
3039.155874 8279.203391
2117.964289 1512.423566
2668.063523 373.668343
9613.651053 4303.547633
3215.989595 276.954543
5680.633040 4521.265288
5135.859001 5343.778152
3332.865186 7130.187590
8136.016792 8801.618104
5563.384891 9597.769107
3285.265948 3846.271978
6499.619030 8356.529134
6578.145088 8433.693854
7309.964569 6506.870305
4201.126466 5962.383848
7184.800642 992.741729
5143.755553 3680.372679
1623.999225 5560.606210
6796.471688 3647.514915
4839.659106 2392.798338
3932.753731 3188.662678
7464.764285 8384.460494
6250.517314 759.447965
2787.437279 3918.852169
2424.420243 5929.949546
9440.509994 8931.015870
7401.125292 4293.942170
6086.585788 1311.098626
2946.439891 587.751452
5662.749323 7693.238914
8417.532254 6454.599408
6820.852634 7684.125916
7386.515760 4429.613050
7433.281036 7446.032178
9983.663941 8113.404226
2001.699796 6736.515459
3612.409054 7392.329089
8214.964543 9255.617981
730.487116 2115.163721
3164.751696 2939.901099
3280.315201 5888.709931
2627.385235 5347.707740
8942.153773 7399.188080
1644.012711 5343.065359
2907.327654 9564.353122
3635.040879 793.066268
7351.506969 4064.741068
4967.367241 9202.720030
6917.090293 1281.266352
288.543882 6771.782033
3998.443782 1205.773687
9394.800501 1612.335934
4301.348886 2636.000536
7158.265833 5111.420826
2793.369031 3479.728618
5341.608116 566.340530
8396.746738 1269.352864
7615.866968 4292.041643
1251.739579 9114.273062
3645.227916 2707.614380
308.117493 3907.487817
3095.797909 4385.982289
6125.637674 5839.564896
3069.581550 1748.808133
6533.636215 6161.949382
696.232684 3196.440043
2119.487612 8755.352585
9973.407087 9150.510414
996.914085 4479.679396
5921.101893 5182.145236
4344.981950 7127.373248
19.004868 9155.918625
1414.480786 9020.762205
9725.536779 5548.130211
2811.612213 535.794123
5279.404043 7317.455861
5675.505082 900.856340
8034.281465 5397.577732
5877.943527 2048.390817
5581.682826 9408.089620
6197.141021 5008.020092
9180.587099 2950.949481
2898.884024 7436.933368
3627.022357 9449.439477
8178.785604 4459.001556
9823.086537 3035.598748
3926.892953 3988.710073
267.504703 7397.931911
8273.668230 8578.418706
9213.820761 6954.009136
6346.928128 160.440221
9695.517000 2527.680947
4157.579750 7412.481130
9679.834373 1532.043968
6086.620041 2864.736161
8886.066531 9744.481254
5150.582825 7666.807473
3733.250007 1277.552711
3507.586427 916.505040
3798.698668 5337.906924
187.484230 3739.957007
9979.591164 8188.246342
5197.986108 2141.650873
3500.061474 6800.786096
5943.635321 3524.470286
7304.977398 8304.752645
9864.102759 9405.414071
3508.746206 6071.598785
4345.470045 2988.322214
9689.329642 8013.995987
2186.259857 871.018580
3434.727714 3222.318299
1605.421047 7192.462631
5001.603408 2558.597244
541.399702 2923.197554
4687.988282 2530.126432
6997.661210 2612.972347
1207.175312 5952.720718
5443.996787 3281.068646
8516.220885 5474.697833
1051.680814 6162.261438
9016.858385 1879.384380
9857.582277 4267.459410
4138.034570 5738.447389
8545.748367 477.020476
8997.458797 7126.363618
1864.441503 6761.884900
7138.056234 2743.125366
22.444636 5565.491968
8892.102067 6380.209107
6202.816985 9531.566252
6223.310880 6476.449143
1584.646504 3948.308195
9546.134686 2400.240795
6121.043179 0.649652
5536.875586 7007.575303
2985.742956 9122.511873
953.698365 9268.638048
7191.066355 3687.529652
2753.478173 5429.659449
8904.677476 4218.814352
893.424639 3750.969724
240.463216 2064.804508
2843.595122 9453.946194
8533.980959 775.594035
8559.760090 1789.882082
2549.117960 3970.179151
9585.943224 882.701644
8659.136783 8047.606564
6935.304308 2544.921471
406.862934 1974.481358
7581.912691 2949.735086
7118.070409 7032.541392
5375.739455 9846.641457
908.261472 1120.142487
7653.280330 7156.714764
6947.424817 795.489062
7104.734212 8194.661684
5743.016611 6560.078206
3506.240610 564.812383
9525.094463 5033.576872
8612.506207 7516.841899
1147.497655 3115.274382
6652.965434 2279.675270
9580.165089 6419.812659
1348.455892 404.242878
2247.425249 6079.774849
8620.970543 7776.017422
6525.948266 4396.239392
2096.023790 3053.597100
3426.447382 747.251121
6235.059883 7398.911132
2728.213260 7499.967606
5119.168585 9223.634062
96.151230 4373.244706
5040.800703 2168.149875
7757.583918 7429.424769
8936.763954 8724.208188
5471.956840 2127.552551
5381.524932 6005.240656
2551.326003 3403.776736
1302.662363 4956.151895
1093.206658 1641.880113
9538.792380 8333.857138
7565.327291 236.438965
8012.288171 7254.677707
5312.222455 7571.610602
1904.045813 8537.987484
4315.294050 7767.402142
7901.812348 515.968356
8994.650832 7313.183459
4721.569652 407.521681
3344.882846 8439.765330
8745.284575 3503.139397
9744.940150 8223.148907
3961.772743 2346.085031
1717.455620 6153.989229
1578.066361 813.392653
1045.792556 287.825780
9011.886158 5761.733726
7059.555078 8270.849944
7046.221513 7877.296598
8590.386486 8401.313749
8974.827390 808.511433
3951.530497 9349.103215
4419.106584 795.577074
3923.727725 1642.241618
9282.530889 5315.759504
3776.257789 4751.648905
7187.674591 4998.640369
8706.797803 8930.124649
169.075873 6467.009135
5464.881282 630.558030
1826.439791 1654.925389
8340.062722 1290.408362
8911.738329 4699.247017
5244.650726 7135.052670
7858.274740 2165.162071
4902.259859 7034.503280
6575.459657 137.760612
4378.831050 3191.336514
1617.217954 1795.219794
2675.916054 1904.591592
8467.819220 3032.721453
1344.396942 4800.716586
7922.375635 1307.677596
3723.250915 9724.122835
1286.280347 2309.195207
2002.668675 5705.426405
2676.461057 3368.362977
8489.827686 9706.189393
6349.654998 5863.782825
7144.331640 6468.410226
318.414014 8111.353094
2481.506797 2168.245419
694.101479 175.982664
1568.478252 8911.110410
1437.681898 554.885747
8886.244765 1440.798509
4329.604618 2899.831274
2750.584435 8387.452219
9582.865032 3707.345172
7487.738336 3131.715904
1685.881591 553.902746
7651.009398 3380.123383
5454.850866 6251.744399
7793.456835 9162.283026
7145.072232 4768.084724
2515.258749 8840.211946
2131.498138 9033.697618
3913.955858 8271.444386
624.762740 5162.610992
4850.904084 6314.154395
6292.412855 3990.580234
6368.458372 5952.396203
3077.077569 8714.859423
172.842956 373.879416
5013.170272 7688.760563
7348.275151 7883.081311
9794.974646 7308.849429
7116.245371 6385.758687
6002.361742 9215.738963
387.156202 1118.298072
6932.851131 5248.151953
2200.985882 1114.400477
3541.622963 3756.491433
7104.805789 981.908446
6761.946639 2397.123260
8661.546600 1110.018192
7300.469540 7947.906410
58.815210 7691.123580
5500.956657 1056.980440
7971.944361 630.167255
2648.685652 7061.779481
1296.068538 8724.286061
3698.935258 3073.361331
1337.638573 7355.657262
2165.684274 2926.212367
4358.632091 8466.995513
6061.079574 9733.162134
9652.420723 9962.445037
6507.448117 4406.994306
2296.442048 452.519415
7579.292885 5030.736486
4657.513028 4253.952015
8116.677814 4000.629862
4765.582798 1754.841550
4830.832179 7089.612610
9599.248449 7681.699023
3364.418312 4952.690604
4595.590225 2076.041939
4158.162460 8955.379145
7889.773583 1707.525479
5572.259944 7273.750265
2041.977048 4930.138694
5254.345563 9353.800667
8290.039559 4688.756626
8185.287943 4740.410591
3333.566204 262.223128
7296.717286 9142.078077
7311.343417 7398.756018
1484.599947 3267.789900
1357.829566 2515.876188
6125.614106 2673.063102
4407.297607 9204.850501
7387.630017 2532.480917
9899.755757 6039.481319
8946.774153 7229.011728
8499.212434 2810.855609
4107.230750 3958.550402
3239.074233 7193.680595
8177.094430 1908.475671
2935.737062 9435.592308
3453.753082 8584.528629
8452.332810 916.004714
1585.270253 6551.352583
4972.405213 1939.266972
1142.048760 2332.316160
6412.190874 9729.227219
7150.508598 9073.014351
8049.760683 8327.657448
582.474027 2661.987653
5580.584793 7460.670798
6629.895113 8252.026971
8097.953000 7750.368927
3357.092715 4358.396365
2798.036784 8248.123366
8749.661702 1835.108037
4423.894361 554.176088
5314.396250 8276.042689
4439.390102 4425.404223
844.659261 5746.677742
9559.870845 3472.180213
6175.785230 1325.344545
527.760379 1139.899158
4486.400536 8732.509754
2492.914569 535.373432
700.677953 5818.568545
5220.285005 3581.905772
2710.563521 6274.853103
4720.314561 3277.708684
856.182590 7873.812155
653.960699 9052.669400
5793.941197 9312.127654
7832.385364 917.069715
8868.365968 3584.713907
6065.456365 2760.624317
9430.671335 6252.814035
602.646636 6299.720879
2437.764102 4480.504324
3882.116364 8800.227410
593.613599 1788.199941
8607.950470 5289.106195
3041.334731 4967.756274
1101.831342 1589.503694
7703.183612 2001.392764
8048.566509 5392.575571
3393.382450 6706.544063
8561.002905 9915.600660
4160.368146 2727.725940
5585.642460 6509.240505
2877.077565 3811.331122
2908.981760 5492.763827
7595.843902 1352.851912
5671.726824 3881.664397
8670.336414 4126.184913
7744.992897 9166.422403
6043.955674 8118.967430
8485.097102 9943.359363
2467.168649 1198.224919
396.277657 4179.986611
1642.659034 2971.807303
336.021850 2384.840498
6883.079197 8602.750947
1404.510522 7557.931662
9232.516919 7839.824568
2073.115522 494.227304
2689.347702 9960.945906
8820.034499 7641.854262
8885.053212 2353.040293
4188.327637 5001.546447
6230.060436 6152.774370
8390.275431 7818.854945
794.531945 5130.452107
6306.895624 5141.298643
9843.974474 6791.561115
1040.006587 4968.943135
8328.581283 4100.010893
4086.907765 1678.589444
4041.594190 328.668252
4090.636192 5513.151021
8420.281750 1059.167876
3759.173017 3414.338662
647.810240 3298.406851
5778.172999 944.485764
5350.982841 3266.395119
38.540329 4392.918287
1979.917969 4985.231628
6076.971427 9082.319431
454.144105 4788.538054
8096.139958 2758.899416
3159.407731 3534.139924
4478.260403 4967.064872
1666.557044 8822.250710
8338.229565 2177.547270
6158.782893 7666.121750
2051.611013 4699.721796
2359.433044 2826.290364
8699.381051 6270.554508
96.718118 6331.952876
5833.712136 7626.123693
1364.234575 9225.010515
3008.508913 1654.874217
7099.358186 2513.394964
6412.705060 4350.465170
4200.118852 4552.976780
4217.633720 5794.056990
5011.996009 9542.590805
9163.346641 5560.030749
3207.381893 822.322230
4969.744934 1784.416615
4450.038221 9480.985929
9943.316395 5071.476665
3362.651539 6401.242968
6038.037550 3963.506013
4238.806110 8972.554086
4654.344080 4527.973332
6841.785244 6101.432752
6577.394944 5845.122272
300.625330 3481.675569
7273.554945 2923.925957
3325.218057 1707.895725
5388.419482 4692.468321
8339.960580 1593.775831
3055.625293 9369.681207
2526.829551 2321.795376
7149.747757 6240.401620
6922.523478 6538.289873
1646.666194 4138.433949
6959.347214 6775.026921
9049.525386 8498.117481
6995.620005 2361.266132
5781.575460 513.878484
8592.233505 1904.142662
8368.427547 8729.953346
8751.246879 62.644024
7432.209890 7798.940063
266.378741 9628.767113
954.992714 6002.155286
5739.110401 6110.712734
6422.250071 7949.039831
8458.922665 1375.042685
4618.779743 7425.439871
9446.334606 5467.798801
9408.837062 8597.277656
4815.635178 7665.806029
4520.531869 8047.657098
7116.689881 2523.320016
565.452338 2368.283770
6547.050947 5411.099663
1982.943225 8110.406613
1956.981071 3816.528855
8757.504220 3463.821606
2387.945075 7708.859833
8147.264601 7479.161965
4813.698330 7067.494798
7434.888900 3748.296905
7662.965577 3226.055262
7258.547298 8078.830822
5296.106927 4676.162423
2839.871445 4777.009020
5933.489568 714.718418
3176.163316 9194.896347
953.133849 4071.410428
7494.079062 9227.214394
5762.386193 7365.544829
2077.928462 4606.008726
512.661873 7622.454070
8914.151657 360.112368
937.375237 597.226772
1304.535740 1331.976305
3500.341265 3749.803013
8438.088775 9776.146368
5914.332106 7320.829390
4155.204994 9377.494152
4692.971974 8464.750778
2899.377207 2955.562939
3575.531198 8598.812020
9315.206393 849.408878
2912.916615 4835.254873
3729.577289 3207.079346
6375.835450 1634.454512
119.394205 9674.352438
91.858555 7680.915835
3943.826661 9311.760810
9045.779293 9009.067932
4084.010092 6129.404524
3140.534721 1332.037946
3571.724267 807.115091
6649.220771 4899.129506
7140.250348 488.978410
6756.612124 9756.633308
5136.607572 5875.327615
141.198291 9040.192979
6134.995639 4478.015455
1858.837471 971.379687
2830.604670 4895.677119
6958.238326 1227.925457
7806.337457 5587.718377
8392.443822 6892.590055
2548.316973 1173.409707
9235.927330 2572.295730
7045.136124 7510.592971
4802.985765 2097.861301
4831.976963 9913.573956
7210.353861 2902.603975
5315.873851 7573.740143
145.928675 5590.455323
73.422196 4818.645091
9079.994371 5382.021754
9235.756407 2685.860450
6143.770001 5604.015053
7925.452905 7748.335918
8607.421938 7257.527273
4184.971069 4475.830715
7937.877550 4245.008498
8052.128180 9565.678030
309.750163 4650.870561
1784.120350 3638.763730
7866.426489 3516.803593
6894.673740 5282.270024
1025.210294 9943.575886
7391.521803 579.430262
3772.390334 3962.376343
9104.468281 2425.716769
1176.896171 2426.724177
6359.561711 2335.157468
6377.924984 4435.995357
8021.868860 4654.319226
5959.507556 5466.102203
9339.478047 1768.362910
7856.138220 4606.975594
6375.012240 7210.784769
8511.165165 6936.870710
145.568782 1131.030942
1204.903468 8625.142181
2835.878221 9075.926681
9180.532400 5242.151624
5454.718327 8362.275720
4969.761017 4175.430437
2109.820273 1382.331912
4030.713541 9061.617258
4193.370151 5883.273540
3070.746272 456.533007
1503.781205 2410.541774
9450.411013 8534.863841
9958.464821 7545.239869
6663.569263 6404.623870
5346.790555 4703.517652
8440.360639 9167.068714
2015.436677 3175.595376
7196.432771 4894.872044
6847.200250 463.131979
1188.758641 5318.126892
7748.773814 4318.946725
4955.101887 8379.218737
5950.772187 4441.288740
9369.887845 7773.049579
8311.165325 5697.303225
2237.375417 2760.309770
5523.836871 5682.102966
5322.149030 9526.340881
8029.917054 5372.638616
1243.568957 6610.111695
5647.341952 9339.980008
1941.009579 9709.997806
6374.651871 3642.717750
3776.149490 9345.494691
3035.136367 6193.539458
8783.329786 5880.741745
9925.625823 4392.113626
7379.568490 7051.979189
6146.317774 9613.915208
4321.590944 734.719967
2427.886435 6000.122936
8096.139166 1793.162464
8671.981954 2374.644167
3331.050209 2843.170815
1921.779071 2399.209130
6561.600354 8755.710662
9182.896702 9679.193556
7354.394003 3189.336002
8328.594232 4343.753383
2702.218733 5678.668827
6956.125195 9940.618017
733.293957 1243.851131
7009.029361 4039.163785
5530.803348 8352.283063
5201.827537 7952.595333
2954.939778 7693.789775
6941.378943 8471.819381
2849.195467 633.544700
9749.059119 1847.639881
6238.723218 3113.476651
1117.197775 6089.579627
2922.213322 77.544242
6956.907951 5591.671087
939.537143 512.757249
6673.027887 4913.913112
9504.682103 8378.854440
1627.146955 4776.595960
4052.817826 2559.745481
788.664907 4403.181303
8649.507051 1400.350634
2030.305204 9818.706221
7151.199018 5844.867513
9068.717871 7052.200770
6194.560940 7515.540772
9439.839543 8042.573747
1040.738028 9487.698812
6260.246773 9356.205880
9587.380651 1202.017454
4940.935461 8101.942692
2090.370241 6429.708811
141.680182 2229.431121
5097.250396 3943.591885
2429.809692 4060.908359
6456.002878 318.195330
9946.026340 1270.143041
5400.042238 2049.499257
4592.931491 8164.987200
761.493219 2820.860666
4301.713662 8679.272934
5129.457260 5051.324539
2427.104083 1800.129529
1130.562844 5785.871442
6518.457293 9420.815387
574.837956 4977.106057
6971.063994 8194.162690
6882.174969 5448.681804
4580.251109 399.916478
2391.677341 3640.258363
2183.168804 7941.217585
6198.363034 1560.893180
7069.149534 8247.950051
404.881345 3459.630226
720.070951 7716.408615
6413.191243 5090.595821
5893.880982 8697.875549
3705.695279 5205.746345
2531.889561 9660.483281
9166.297623 7945.184448
2924.490614 7963.356821
1757.998527 3119.871224
8617.858666 7145.610883
5771.493540 9952.411416
9609.574968 2134.405027
8711.942489 5053.206772
3112.839942 5825.024594
2351.646575 1271.249109
5004.363231 5156.531841
497.518281 1098.486752
8918.132004 4039.285695
4211.749800 6238.794494
1422.495316 1374.405052
7962.227310 9445.381080
2885.529848 8548.728747
5394.219502 9200.020182
6935.491086 7622.768478
7127.154797 2040.050302
6671.984061 464.210193
4563.582256 3885.651730
100.025505 4187.217256
5988.989606 1059.723121
6131.547873 5221.596677
5069.760970 4815.812833
7441.507883 8530.652243
7692.479023 8329.184959
7487.195945 9969.497890
1767.001065 4548.066939
8757.306868 8372.046191
6218.112101 1140.776924
8060.640524 326.428647
6977.776846 3269.414764
846.956847 2282.661954
2852.454485 76.946402
4681.552683 5671.801022
4691.806577 2210.404172
8519.518370 8266.566208
2496.994470 9645.626663
6391.066160 237.057627
561.557196 2035.205921
5474.311334 2203.311042
4924.826225 6435.962826
671.394004 780.113314
118.564194 9776.228627
1872.015018 4624.783255
4946.303064 3143.959909
8226.849071 8536.083227
5625.332151 4516.888252
2977.068344 9229.753534
9311.569697 4414.652522
8043.395070 2161.099838
176.012181 6758.156498
598.661936 9961.712813
177.227012 8430.890419
1506.165530 6736.258592
5357.265214 7492.652940
9165.740936 2378.854261
5971.763776 9591.341758
4514.688407 8901.671252
5718.702131 6238.873481
9488.337988 4545.157966
1162.929624 2555.356694
2711.609292 993.309510
9154.810239 4561.742738
5984.490480 5496.330650
9528.607814 5637.557706
2230.157130 1678.448860
6516.501530 1079.710635
9144.582251 6848.120875
8326.236530 5705.375122
9514.556348 8995.790158
8219.056563 159.276365
8428.619277 2665.826062
6406.300208 1682.169116
2009.033282 9150.100434
4567.189653 3795.034554
4901.861575 4093.179228
296.786662 9354.937109
6523.871442 9129.919986
517.535289 3914.815204
7628.022803 2292.663591
2829.404445 3299.404573
2172.072930 5609.338307
1544.997403 2824.900118
827.294415 7194.804914
3390.954512 4351.034751
500.142878 7804.420209
2871.582754 3163.447022
1903.861389 5889.559634
4357.440953 6690.175605
5128.054082 6821.013330
8428.590001 7683.978278
2064.111691 9651.009513
8329.333500 7905.166809
6888.380466 1172.445666
5364.319917 4983.212009
8970.437670 7762.012930
8248.908447 1455.894179
2688.308557 8318.063594
6716.536844 4614.383519
5971.414583 9.026733
1206.540100 1044.643678
3652.014747 8680.644928
6562.242464 4988.799346
2949.767399 7671.590673
7097.548466 1904.861747
6875.845579 3016.591173
3706.184509 9236.425125
5045.339465 4182.227615
4412.059607 9569.178224
6143.471837 1586.024910
5795.816993 7573.775620
6933.013604 6929.494942
688.026572 4118.426888
3112.806747 5869.940365
2765.126692 5314.760488
7396.873395 9653.150583
5761.090921 6924.360505
7266.209767 8803.821321
3023.848113 6317.134880
9371.947691 813.725941
1153.109650 6106.385161
5710.254229 318.096668
1698.642654 7047.487255
9895.017845 6104.193291
5278.165347 3801.345160
4405.043198 2623.279893
3242.889754 7934.762709
4043.933493 2755.818156
5166.803179 9492.444877
7417.061479 9946.852383
4515.392957 6933.115683
2269.058807 5567.988874
3351.711490 838.327440
2059.599602 7234.572829
6349.300053 8850.681110
9776.449472 6004.959625
628.558197 7996.340742
3517.037006 9363.169011
2181.010968 6135.755598
488.311961 9895.387892
506.226702 2692.550377
3947.534527 2218.739099
9839.812683 324.511247
6972.221251 296.481482
5901.402460 9311.179410
4904.454332 9206.243755
7065.410928 1575.409270
2527.755058 1261.548654
2902.081752 5186.474345
3498.459621 4955.321757
5833.393879 5837.688506
2774.833926 7412.771063
678.001433 4541.366417
5961.849861 3831.488049
7238.390482 5923.933980
483.503709 2406.416002
5195.553191 6283.681936
3454.951702 787.944608
365.661701 8748.586522
567.291456 6866.487083
3091.231317 1228.721970
868.854078 7476.960203
5991.493076 9632.781156
4695.091047 1503.465025
9031.145823 1929.099074
9536.485514 6133.451215
8333.645564 4620.741945
2469.006011 5441.269005
7977.145524 1764.530478
6675.139738 4944.081604
3119.283116 2096.318500
8591.918281 105.568358
9160.230342 7248.106913
1111.045807 393.071603
7158.938340 6256.137846
7543.894164 9663.988256
3937.095848 1250.349811
7189.381245 2513.796303
8686.662371 2723.434368
6635.176799 5444.898288
1196.314724 9567.176115
8736.090739 6701.994927
7088.740451 9208.829743
937.390823 370.974133
7431.585410 4638.847255
3243.937044 4750.788368
2807.345832 8373.271828
1180.643872 3277.638959
2501.648881 3736.835849
9568.838164 5617.605718
9718.300049 6561.367544
1407.424723 8551.100562
3291.362863 5647.095086
8569.580349 2208.515080
1998.842439 8089.376610
3571.097385 4727.224019
2508.302750 6945.629588
1648.527282 1708.555124
5632.771165 2003.768003
8874.588100 6061.729318
3859.590833 9577.384978
4360.519127 4456.749007
471.741740 3169.439662
8385.195917 2488.465105
58.440807 3166.932904
1757.018310 3055.395926
2943.504771 3870.671157
3628.461284 1592.155673
9492.163256 4389.064392
570.946802 3397.082577
553.789905 6839.080760
7694.496429 3656.166007
876.386823 7231.645077
6509.877520 1795.873430
224.946275 4185.969672
734.420842 2988.228547
8845.548230 7543.299260
9494.971855 9835.984665
5944.299740 7452.028567
9669.582777 5637.063911
8830.685789 5378.278787
7982.225438 8217.714720
8481.596490 548.156315
6630.994331 7985.999623
6519.467891 8635.043430
8711.722104 5280.523188
4190.453765 5832.095703
5442.554775 7423.867288
7073.349733 8863.163364
5456.194335 9234.193117
504.035843 9196.278396
8198.384764 464.667189
2740.405621 2538.874871
844.958742 3125.937909
5036.713807 9584.323676
1573.989791 2547.950590
5033.684226 9342.836538
8187.614312 6199.527153
5306.320373 4467.011557
8431.637220 8329.866533
9420.875913 4164.563089
22.842753 8476.874084
7549.846773 9502.296056
9524.799469 6140.107041
7153.924874 6693.049062
9567.240303 4382.150412
1937.108374 6911.025205
8604.996866 7325.111759
8408.975841 3347.016179
6952.534861 5393.538133
1179.926940 4698.190351
4046.558681 7295.922458
3242.739093 7046.576424
3875.766718 304.776484
507.370146 4204.638547
2948.442495 4384.444985
3.061267 3382.602196
5107.404986 3643.192534
5211.930962 6722.662726
6938.349949 5785.701274
3632.119575 8610.925024
1045.692721 8358.068871
7179.459626 5178.606909
9479.788892 8367.226911
9631.909295 101.561803
82.900570 5390.879266
5034.355008 5426.902874
1305.719504 7169.939252
684.825478 6039.235878
3037.394613 6603.774222
1903.213281 3776.584187
4398.074716 3059.788110
1608.518774 885.729238
7560.083311 5866.679920
9338.965917 8796.134037
5684.831452 5338.363550
1822.729465 8227.379797
5858.732073 3683.601578
2806.616621 8788.571550
6635.217129 9004.455189
4635.321881 8623.953753
8634.164469 9165.537390
3486.123515 8672.193410
6937.807504 5080.519015
6395.144845 3134.128139
555.980891 4606.609147
2102.405134 1395.152670
892.614100 9611.572868
5760.732703 5192.756392
9629.347538 407.961238
5728.700705 4587.067284
3149.375510 1754.053941
8066.698710 8260.691840
4812.664711 601.501325
4453.822537 6398.742822
3477.687192 7782.367892
3105.603058 7556.044837
5966.084042 4397.290964
5142.220387 3034.545080
7884.569643 4684.288159
7204.041606 5754.723610
851.429426 2617.895351
4178.681108 7510.799532
2316.032971 1347.560890
1525.904742 4245.893015
4834.715293 6527.005928
5818.023490 4328.264508
8561.642801 984.103891
7352.567143 7197.696817
8060.892997 4794.067355
468.326730 8078.923273
7624.044722 2924.126064
6741.649223 8731.331810
4587.154268 6547.865657
1980.320063 2568.374538
5078.377583 5913.670572
8109.420941 1137.437992
1174.365462 5487.012714
1575.508869 1304.808561
8670.592569 2923.235613
2431.946196 25.114512
3986.156868 2348.504076
9496.910805 8158.721631
4890.262615 2810.724711
8038.032806 3730.839360
1261.554455 7803.554753
502.617014 2930.271190
6684.409702 7993.985362
2686.892046 2457.073726
5694.665989 7139.103059
6348.319442 754.494554
3500.165594 3929.616234
852.993024 7952.558616
7816.826195 1878.921117
6786.831678 7181.157878
2586.364394 1046.113893
4398.191572 9358.214493
9301.849783 3452.889790
4765.242355 6455.842197
4124.336531 3498.196990
5219.909257 2765.574710
7157.342622 8504.570603
4374.014424 271.556163
7371.387138 7370.250752
9060.919831 8325.079981
8005.018807 8329.224122
6718.629226 7283.910181
2231.152397 3390.234544
6141.110429 6388.621956
5971.751730 3532.673522
9138.572375 9853.827223
3678.226526 3410.185326
2493.618880 7035.147073
5173.972696 1057.672651
1607.319536 3075.010989
1721.510132 3459.132214
7352.902886 1488.462282
5987.822408 2647.595433
8260.713239 2642.593459
6478.227214 2352.273340
7508.424062 8802.136562
6633.739517 4109.087522
1240.588860 2502.459114
1177.743729 2588.666738
5544.143488 4673.448752
2820.701716 4109.090159
2812.612869 375.224480
9307.797431 6796.653909
934.278248 7177.024164
6570.454062 2458.077363
3019.408842 2736.809892
4862.339957 4202.084830
9158.034314 5972.299035
2218.893755 116.656244
6560.887279 2224.028736
4224.838685 7577.092381
9402.665012 2768.509124
2258.778925 5955.104408
6711.007516 5373.810503
8926.706217 946.561757
4849.180566 6424.588604
7432.569410 7986.093611
501.131515 8783.580872
1148.285960 516.461654
653.790528 3282.153217
8348.632387 8725.218834
164.780685 6453.315589
6301.472919 8190.773540
5110.013120 8176.295293
9616.293656 822.808750
2210.976765 1754.027245
3723.876525 6268.942946
9834.130612 4761.785501
3075.474502 5804.203247
6508.130888 9821.388084
3044.521533 7302.802782
8424.565106 974.052161
875.793244 8928.524975
2447.649240 52.970974
4204.089364 7480.405679
5974.587049 4003.003762
81.332943 4210.972678
2254.523755 991.522552
4651.865504 6136.368027
3050.662446 432.865872
4092.401718 80.751652
7859.604609 2398.985363
7360.505776 3422.865195
5977.187825 5774.491200
8328.669072 4787.823051
282.177539 9359.836082
4613.688781 3681.601633
6462.975193 9425.915624
1663.545712 8164.786468
9511.883257 2070.972506
7066.648541 6079.651934
3880.776238 5574.129492
7994.028382 100.381509
8516.141823 9067.569609
8562.900565 1179.378564
6505.870979 7433.342396
6197.630562 4139.388771
7634.860095 6267.869227
4186.040705 4104.672719
667.611940 4536.982070
6363.059536 8563.192754
2852.744935 8722.592191
6235.843498 1563.500560
2107.626106 9816.255645
6153.280330 2070.314851
2941.460803 1464.417836
9143.104838 8499.747196
8413.540048 9669.299931
3808.792523 2253.663483
6572.489137 7533.826031
6664.582838 8899.846516
452.358072 2994.343982
7566.160045 4951.375406
6994.976651 1375.450855
5860.066673 3588.128817
2003.922833 8235.540033
8918.194710 8458.019156
6884.834450 2886.942178
6599.812999 1354.607500
4254.491527 5562.349768
8985.191843 5739.589315
7068.651246 1331.683506
9787.523496 5909.221895
1907.918155 3182.442711
7401.271355 1663.125599
5969.880488 6945.991928
8476.135935 831.962757
2051.025455 5538.997053
492.934782 1912.661976
8739.798731 1553.410682
2760.530776 9396.919946
889.217855 38.994013
7317.029845 3636.852570
2308.495926 5798.849487
7937.753847 8208.539914
728.979811 9797.684820
9583.370420 3577.564492
2846.099549 4859.398721
8868.259874 8718.962498
1834.371847 8737.478252
1086.005258 8373.632529
7438.246455 2365.637030
4689.132691 9322.650051
169.765219 4782.908706
23.956123 2221.314414
6714.564057 361.334096
5676.975785 4214.092462
9270.671915 9378.310555
9987.560176 391.942042
2750.173568 6493.800398
9326.585322 9081.993201
7279.138154 5641.841478
9521.816413 9136.864479
9631.471823 48.552334
520.119776 3466.862539
6308.429326 589.544809
9786.019485 1465.190713
6959.610477 9592.226781
5688.404333 8355.005123
2553.048724 1373.992605
3350.610786 8397.964096
861.090272 8762.303538
4013.697842 3709.773872
2789.419398 2594.825155
6433.130519 9073.858272
3633.977783 2600.852729
3553.550662 9351.586172
257.292049 2913.454022
1656.453712 4130.538311
151.591889 396.117655
1653.871966 1118.442423
1170.370481 612.773913
6823.729293 688.119516
3475.298640 9388.893589
2804.478588 6045.182075
434.670937 879.613768
275.850483 4513.960654
1920.577881 5528.666380
2994.622079 3671.125656
7660.749969 268.806897
178.101872 4783.388762
3513.061874 8844.407924
2026.989487 2842.915008
8030.219721 8706.217315
8003.805684 8671.696153
8010.636105 853.908194
7064.739710 6309.062834
3094.312890 6601.730397
7219.182810 1965.002050
2801.220948 159.575038
3376.132604 4669.468034
7222.649337 3926.019300
5094.517894 4645.077991
7336.177338 4317.349349
3234.274006 6342.634837
4386.967067 7611.150248
9275.036704 524.330000
5841.225898 5745.646787
6504.335478 6342.268597
4603.101005 4094.896091
4888.913164 1391.064438
6252.766480 4882.422139
2928.867377 1527.966703
8223.846790 4490.712521
7815.859830 9191.068288
4785.462767 4605.097281
877.692128 3616.561085
7339.346153 6605.110818
1726.080885 8994.148990
6379.497404 2357.912710
217.043705 39.598416
7514.266773 4771.990287
9635.026370 5366.185074
8799.387857 1451.607041
8919.888826 2324.039870
5783.235343 6061.716465
5192.824179 7626.872293
5133.306150 1947.249484
6098.548101 4357.089821
4594.588693 1544.772433
9163.855559 1038.042846
3023.790674 8173.659875
8361.116005 8106.659589
5442.084787 8833.164782
7586.483483 4725.746733
9395.923179 5168.630754
8506.444997 438.050991
9754.140112 7992.083312
3791.109161 836.879025
5206.330983 1492.323309
6206.060241 5809.530903
6146.129961 4184.811890
3295.240035 6034.661514
6018.468403 2022.706974
3111.633051 1803.992671
9843.820882 8311.392858
2893.269193 7084.457345
8020.594006 1633.098283
3386.511716 6431.618192
9409.350240 2970.245755
1901.440876 1034.981027
8433.641829 1858.525165
3524.693561 6044.917192
5437.775515 9216.536893
6760.859516 4207.134612
8433.885238 9752.914579
364.706017 747.220579
9981.302591 3218.340294
3578.087662 1449.766417
8730.158725 2996.577867
8952.608442 1856.970438
9457.141963 6747.897826
6795.263827 7870.532485
8477.563370 2219.605807
4833.132210 9387.975329
7960.074961 2557.236236
9257.163328 6868.071713
5013.871130 7215.474395
3819.537943 6520.802273
57.434809 9602.526343
1017.128900 7079.383441
6728.270583 6489.049274
6061.251655 7868.335471
4447.976839 8806.470374
1529.885232 9038.627587
3506.549800 4865.714311
1411.719349 2500.071472
7295.946367 4993.641814
5176.098265 9466.643854
6411.251725 3036.105511
3485.334633 6636.276375
9129.827531 7132.783014
5474.469248 3070.639293
9666.321205 7307.756884
5964.960901 9846.752577
8111.820885 7738.604462
1218.821063 2599.493074
9599.556554 7384.272694
2942.059313 4981.464222
7659.043743 2001.473557
4568.528014 9700.999368
6972.123473 784.550607
6087.793716 2809.503016
5622.331833 2343.112590
2866.184481 65.188247
7276.769531 1931.466978
9479.636499 3722.799481
5542.925846 2192.019784
9351.200607 1305.037467
5742.300052 2733.123312
5959.441249 9093.667038
7529.811788 4248.046593
7417.971781 9892.621591
8811.676947 7677.493557
6194.501015 979.691129
7698.518437 1107.431170
1585.930051 1475.480218
5583.348905 6961.711795
9862.351188 9626.548350
9697.479638 9614.556365
9742.170201 5022.396400
2060.493402 6532.561362
9783.365030 155.207165
4351.511714 5394.317956
8493.774271 4513.276431
4052.704853 580.581052
5019.794718 2992.092324
1477.860846 2113.731288
8578.721156 4219.024792
6216.623794 8798.496300
7261.704460 9833.350636
9181.350230 4047.669259
5544.430514 3866.742622
9290.357749 6325.641996
3367.461999 3711.086844
8940.072633 7391.852296
2957.234395 5397.457693
2626.761490 4133.340008
5549.898109 976.802072
7196.185455 5952.591261
5397.552091 1772.314307
1297.514974 3238.973311
941.101913 9237.292458
6696.405886 373.506051
384.673460 2429.593544
8203.900594 7443.012424
8262.169666 1615.756816
4340.633288 5482.241445
7831.238666 9882.948488
6933.090528 8841.158425
8070.611124 5214.289749
3688.773705 1218.329588
2419.245522 3505.032947
1671.817671 572.600398
1771.221462 7447.251535
8109.700533 4954.429788
7452.194804 1468.308975
3004.300200 2363.976603
806.811617 8473.057740
9213.266569 9840.777466
9286.936630 7033.817576
6889.679412 421.061929
409.185493 6888.172887
4369.540775 367.859278
3091.641517 7534.528566
4239.944808 1310.768323
5686.780979 3615.810597
4032.425254 3060.963192
7554.476012 5339.117752
9769.761155 5461.495879
3731.044237 5497.746727
7968.430088 3363.324662
4472.153099 1529.518934
9918.632360 2581.694576
7480.904962 666.227853
7126.908679 2708.342304
3727.997894 4821.859563
9876.951293 687.851265
7698.352325 1772.722655
863.928811 7113.911967
4005.597832 4419.635945
5838.246249 1813.420052
5765.614402 7891.026501
718.671339 2099.484619
6631.010144 739.248346
786.672175 867.175530
9907.206841 5797.111739
9772.264528 8540.878811
648.429750 9457.053094
919.016506 4134.489165
4887.090353 7585.505168
269.323953 654.680708
5490.887788 7374.876761
9905.361384 4222.465735
1960.918096 7465.560514
8377.865356 137.211301
6297.979075 3428.451754
9091.079361 9252.138794
9520.969256 2144.235109
3140.924915 1165.166542
2864.748294 7953.165931
2873.431976 9596.090161
4729.703850 7898.684410
1525.313340 379.651709
4085.968399 8643.091994
3083.159830 9794.325363
6526.705025 1743.927801
1583.477518 5767.468333
681.766368 3445.400086
5213.737400 5373.391337
6518.616680 766.063856
5170.274397 2916.165298
8648.740779 9932.854327
383.898285 8119.369001
8238.295238 3545.819916
9805.677783 9648.761140
3483.591686 1089.778844
7935.579054 1473.322530
5832.464247 4275.631156
680.195466 5653.442052
2025.149768 8165.742533
9336.228881 1610.000908
4989.900955 7171.476996
7993.980188 2519.309734
3987.401132 5845.957684
8511.011772 1282.148188
4068.450639 1718.365475
4327.322601 5517.453247
4426.687286 3736.499345
5111.009769 4007.478000
2651.008926 2433.377496
5128.889485 3337.536795
789.949427 7616.096784
9798.611395 7194.335352
1770.722734 3686.465532
709.812092 9140.415118
6377.846708 7409.431220
3215.754820 8230.213257
1576.364621 2063.163033
1201.683590 7621.870728
937.968099 7909.412975
36.810835 9718.144186
8094.698755 1291.710659
2704.929262 6670.680592
1681.281256 5942.149986
3617.144704 6272.599657
3415.954704 4008.716039
7826.152518 4435.027439
6725.853977 3325.662771
4094.953371 8594.676280
9158.363201 811.039640
4784.592768 688.193153
790.237577 1773.347549
5196.476164 8740.205862
6559.604885 6750.677356
2488.743257 1865.911209
8673.364621 3618.773528
9104.266941 6077.851357
9979.354659 7976.069557
7363.946129 2648.022399
8048.031089 5265.193456
5338.655663 3132.045528
3888.727421 66.242301
7412.417005 2374.428407
1429.775068 6244.995490
4149.893368 6464.538835
9081.297498 7407.381091
2816.513374 8891.088005
3034.211681 2077.536653
9079.453357 2516.561678
2724.322914 8694.570640
3057.082906 138.600044
7509.197589 7611.669437
8051.416407 9672.195828
7637.731747 5535.138197
5270.856457 9385.640564
7536.342244 7917.472102
9864.881378 8861.678293
7862.895493 6043.216269
607.329428 5766.630941
3921.948204 4579.665011
6371.360384 5873.597125
5880.563503 2136.993449
7003.363208 9726.280416
8483.592565 1588.615150
6297.351099 5232.033983
7154.911422 2062.942520
5441.779093 2158.475038
2787.151920 9391.827173
8385.618390 9335.942004
9169.759218 8750.793483
2091.571939 7990.308986
8396.437184 8250.106804
537.061988 3496.834022
3602.413641 1872.036542
5033.499385 2779.310171
6117.043303 9305.190984
3600.580574 4216.079531
2878.207888 7715.833989
6120.268321 5969.221934
4868.268107 9731.718785
1942.066209 1435.617271
5616.875359 1496.086274
2126.221052 2907.553030
7823.246509 142.321836
6212.377177 5094.394173
925.966888 812.874511
6078.720129 7548.379580
4839.830223 984.329902
8808.705333 3988.528950
7219.661266 7028.741873
9139.347774 3860.349227
9887.893231 5088.138857
2946.120927 9210.210560
5236.408593 4918.579628
5564.328122 8189.249875
4969.347003 3666.027952
6547.998243 7964.086731
4272.001148 3188.054884
509.603482 8219.466320
564.796255 7693.108745
2924.484657 9097.143237
735.536024 1418.016507
5580.939459 5599.853921
8902.267584 4440.617299
4025.370024 6631.990775
6044.911843 5902.078865
4921.757771 8377.195262
7187.932759 4619.076736
564.243798 9242.417684
9380.416266 1649.564935
6115.866898 1216.847150
4249.198494 9584.363464
400.323678 1351.580406
3722.083540 9722.865273
4623.500113 8646.503219
2430.096999 2957.671296
9348.993627 6264.555511
1614.937310 1062.420853
7597.671514 11.366789
5963.186873 8857.516044
5292.251840 9027.761142
7426.775758 2442.271672
4339.422092 5830.281557
6681.577423 7021.408484
501.745563 2007.272347
6107.281855 303.818873
6428.459248 8529.867215
7681.223364 550.569125
489.533886 6873.406476
6111.234565 8720.580981
9851.486835 363.702458
8068.111016 917.418485
3502.218020 5096.043437
4911.720007 6902.668488
5112.958898 5827.194137
3553.374338 9872.509457
2320.714821 4018.181504
2598.944406 8634.273956
8426.169039 9683.910330
5629.818254 8243.054570
9495.392052 7567.035603
4049.074285 2348.118959
786.180142 6295.143574
6146.275346 4861.752654
8990.033377 6744.209842
5054.335954 7189.055012
4851.685811 3720.045503
4962.834932 9768.365663
1604.632914 3376.864899
7260.287071 927.430849
5099.250649 7778.236899
2260.961718 9648.245590
9931.737164 8933.765474
7918.093651 9194.440553
6626.410873 9574.956769
7248.978825 5967.223120
3233.636124 968.200095
6157.202844 9383.442165
4433.496343 7163.297702
9856.082112 8810.052183
1133.003518 1151.761544
4218.972880 9577.222570
8134.176939 6596.099683
1538.200643 5081.209495
2311.288629 8679.400014
7627.423980 5467.873788
5349.109476 8096.482200
1931.927885 3529.781184
3652.394206 4965.918762
16.013324 687.304545
4274.953613 7242.833642
4131.145801 2338.059279
9535.528602 2197.142925
5071.499952 7869.466469
5944.898168 8426.212566
1161.834579 2109.484248
6812.636674 841.569819
4767.264051 8647.039920
9193.257399 7929.672169
1979.982452 1020.298977
6209.586102 4850.537404
8260.788388 1967.562094
3249.463199 1988.640265
5599.874289 3850.229934
5594.179355 1897.428931
7716.417371 4119.469885
5038.087051 614.917830
3929.108444 2429.901050
4165.661921 5340.482038
5544.129295 441.789877
5890.523445 2701.434542
6912.333002 279.467780
9874.588895 3421.610970
6884.471696 2265.956834
2285.244389 2428.364606
1915.287886 505.124109
5624.322611 4184.028315
9813.673107 5421.285700
6564.925858 1765.542683
2611.727303 2903.528364
5799.503899 5891.510165
8890.666514 432.485837
4071.433667 2073.399686
6370.562651 5440.442342
1015.878838 4299.125482
1471.466149 7325.904881
6602.247102 222.858014
4059.768060 4001.430676
2851.696298 4477.448906
6159.461392 3551.564994
4290.717337 615.902608
2683.995993 7023.374615
9795.148846 7433.791849
862.871011 610.423283
5977.451544 4077.188992
9422.488815 7152.829527
6717.568288 2736.122368
9223.076865 9550.136659
7594.347313 8558.664662
2264.709544 4028.343680
4289.746120 7091.486350
807.171846 4602.393545
7078.317378 9724.237975