512
8924.700244 4562.065253
966.134601 6175.609160
5396.460202 9343.831829
4472.708151 529.730733
3902.368046 9524.891353
7837.710317 7746.721271
2690.221928 4551.454668
6166.806979 839.335131
3442.391666 3763.412126
6280.517400 9356.795548
361.816839 7428.417084
4758.066747 8573.574535
3626.510759 7981.911109
1691.346219 5381.093512
3208.585636 6568.524709
7889.628546 1797.044590
558.832764 7328.200068
9372.379270 8265.726898
534.112874 8132.367030
2873.061232 4241.439082
9921.696531 5070.003285
2317.202550 8549.298041
4887.764448 2504.991357
1734.803289 5729.704965
7224.721974 1840.151220
3585.427322 3801.665928
8392.549532 598.075420
9828.904478 8653.488809
1235.611438 4242.675468
341.551541 6301.533636
8103.594501 8875.766501
2720.082648 325.542749
3446.989074 6692.951051
7285.670924 2661.522264
5525.642678 897.136300
739.954833 612.848171
4301.920409 3774.905970
7397.404523 5883.005002
5969.155130 7000.020057
1596.337048 2086.336237
7659.545972 7701.434071
2143.248328 1264.563200
9327.090602 1195.769558
6652.570571 6924.318118
3901.150655 6045.896620
1960.510970 7616.522478
7283.135885 4293.987746
9085.312456 7939.893936
7698.390033 6362.214285
1064.700514 3943.795603
871.303793 2502.360360
2917.256267 5010.648984
4710.848205 2245.307355
5298.606716 8641.788130
666.802699 2342.188962
5143.462362 4147.897017
3647.605173 2940.017592
7688.527158 958.472668
8215.738962 4189.317652
3092.351717 2590.232811
3765.226065 9333.211656
2617.166023 5664.875320
569.284910 9274.705267
4463.899297 6187.489287
3003.149166 9430.809668
1126.190716 8706.897759
3051.807318 299.116510
3893.691655 1821.490846
8992.869018 9390.311611
6193.921694 7484.521577
9269.501159 4457.355219
3749.727760 305.593381
6468.611241 8750.818466
2669.144317 105.885555
1347.339901 598.342296
5035.797800 9521.941487
6894.518061 3283.091541
9979.084117 6820.840456
1021.118584 9117.395776
2206.115263 8647.139240
4308.672147 5937.099040
6937.019613 9010.397950
8278.058867 7994.459575
8877.952384 4270.020492
5505.225844 7957.269174
5183.875238 8447.725110
6689.581796 3721.036488
6136.692363 4978.839286
126.500259 4691.824729
3274.966376 7743.090287
1495.750717 8702.139064
6823.086137 2356.242451
9071.183249 4496.233804
4070.627980 9200.638109
7485.197869 4345.236860
3545.292090 3264.106012
7021.258060 1478.073191
8077.665381 8384.803020
993.948238 8421.702927
789.831442 986.982933
8632.006129 2951.087971
9541.600606 627.999120
7411.926857 1022.040719
4549.621145 4787.611881
2394.951103 2898.655740
4257.257771 5455.092979
8188.792187 9910.640115
3079.712389 989.966366
4119.006483 6000.466166
2070.432542 8248.470970
5735.996559 4516.891995
2448.113266 6583.669383
7473.377281 4646.992887
4287.167848 3076.433905
5895.468303 3666.422357
9817.074138 8366.955059
8073.403356 4477.323495
3816.571514 3338.853987
8581.197666 3368.617572
415.660293 8113.013944
3735.662141 7856.752905
4624.053018 8109.699175
5726.863246 3033.140177
7667.193761 1097.646956
207.095022 4693.621797
3260.917922 3095.013724
7967.316503 5997.275122
6938.609115 1544.576770
382.980499 3435.279849
4761.657656 7166.914563
3732.473550 4465.025916
6929.072801 5121.079008
2407.570001 1065.085392
5583.091586 1090.907386
7747.618146 1849.760342
4227.019898 987.173318
2195.758103 2517.048405
2597.803153 5581.805108
339.458303 7468.746133
1898.090619 2976.788009
4709.512141 9160.013945
573.862708 4797.341569
142.100852 8236.162289
7094.633636 1549.861716
6761.167717 9133.739871
7914.280001 1454.386462
2372.845294 9635.591942
4478.590090 3239.809411
1745.936321 9455.067888
27.869402 2312.735313
7828.323759 2067.984834
8391.737486 6588.710775
7322.435899 5870.783710
7610.613709 6915.340860
2951.108955 6135.701027
8759.819306 2227.787484
3544.488430 1976.731923
2752.092129 7168.031175
827.679100 2922.149066
577.041277 4789.679715
7611.744223 4846.967394
1030.833746 8469.663605
3903.709355 6334.120394
2985.538759 6356.333792
7944.538007 4234.397817
1679.482120 5976.751847
9890.206148 7565.508673
3731.718355 5445.101709
1799.855248 5308.705066
9704.914724 2465.897513
3500.347470 3768.169137
8975.354178 2491.814117
2358.416089 201.367183
7577.563260 3973.896314
5161.818535 1319.314033
704.774647 1450.681723
3183.767521 7016.079793
5824.673034 7650.244644
4453.466617 9230.793037
1554.801812 2232.331066
2904.850814 4908.074895
2877.260841 5755.684527
7058.957525 4804.755190
1814.094202 2203.810646
1387.098501 3303.917284
5489.892381 8822.783342
3952.905478 5903.834948
8739.312477 2097.889080
6275.542352 4856.057594
2050.781663 964.768946
230.661784 1787.718564
5423.591180 5651.287887
2184.826604 3009.335794
3945.686299 9543.916938
3836.873953 8618.219646
6243.801412 3114.576877
5338.878017 3938.353779
9427.940757 242.528191
1647.056586 1589.328453
9096.056274 9571.486720
5849.188300 6705.578160
4923.272077 6647.522767
1071.253618 6171.763901
8233.763332 7165.806114
7287.919623 272.748039
3159.142560 114.170536
520.021731 264.807006
5227.465222 9599.064975
685.499453 3211.987685
9395.972220 7867.177915
704.294970 2200.432909
2171.487511 3778.499490
8432.604468 5133.874695
8023.631038 1509.518901
1010.676010 1988.784475
4141.638469 3357.043962
8222.856208 4025.910966
4858.600231 8634.744320
6168.442944 8031.004830
8800.812112 105.685761
7141.458781 988.663731
9159.109898 4563.757129
7821.700539 7327.086531
1209.937735 1598.457251
8974.014993 4649.363720
4344.359478 8717.234728
2641.927563 2987.932151
9563.204882 6319.874376
3131.789561 6172.611420
3004.105946 267.299871
4262.576855 3615.860867
9896.777727 5804.728384
4431.709767 1075.165368
4923.433621 6119.164125
323.756649 2805.175872
3826.082207 4992.688752
4805.765464 8419.862708
9340.624075 6603.961857
6548.123531 3548.577040
5479.007792 7640.009828
935.371561 9800.506186
95.215923 8642.640787
333.967097 1201.205404
3946.267390 8784.982375
6643.415311 9792.851763
3903.939361 861.659230
5560.686523 960.806060
1977.976453 9767.550132
6813.432656 8237.700287
686.244486 1420.052038
8130.444636 1852.518547
9744.124004 682.848272
4301.845042 2280.220081
1265.982158 1519.513387
8948.767642 814.997321
6185.222399 4034.739355
4572.030313 7153.039096
6238.853252 8273.610161
7361.044421 2266.534546
9942.036062 3977.152810
2280.313773 8228.153529
1789.311331 8257.288575
1739.526012 1646.521965
5141.867605 5971.456318
1602.235268 3776.618272
184.106555 8940.273596
4780.584844 1702.915992
8856.132078 6321.070492
9175.445974 1126.685032
3087.092435 7713.675444
7761.654826 6505.167765
4344.311799 6226.529460
1009.072516 4816.220380
7965.790508 2603.090286
2404.613481 9806.508757
162.525954 1645.036314
1416.695368 7566.591627
9345.308556 1194.627432
1913.471893 5505.954190
5818.315869 3955.390589
4532.992113 9461.974715
7163.191747 9086.502040
7757.130441 5992.379542
1746.504649 6829.941059
8958.805790 7912.896392
9908.020941 9141.647984
2265.308493 1177.303461
6818.607381 4559.144553
4057.563394 4544.721534
6162.737522 7389.300291
2521.972861 5788.250436
7726.470487 9949.424594
7393.437850 7010.952241
7921.059282 4722.244382
9376.739422 6187.227024
286.216393 6470.360782
7267.986058 1771.313172
1813.527635 4403.831214
1043.728874 288.114189
8568.871334 6462.802137
9995.680510 4752.530029
312.161992 3935.459994
1603.689908 4999.536679
1583.120157 1850.496612
176.069094 5773.670653
4295.404601 6663.152042
3519.664731 4613.277861
1070.448912 5092.281369
4149.030538 1833.768858
1997.991992 9455.572058
7289.769065 213.182073
2913.132599 7779.066727
8843.048129 2289.830147
7520.247312 5276.984440
7431.493971 6909.796728
6826.712566 9507.188633
440.045671 8365.268538
8653.014190 6091.487746
2612.331222 7753.720777
7515.866728 9664.212974
1114.736576 9866.833174
9350.133329 2375.591009
8007.286025 7631.552300
4752.239048 2085.703780
1372.651898 133.490274
5115.635511 7082.529746
6892.132126 5189.696053
5968.242235 9252.385791
7557.195667 5802.379942
4136.604445 947.065915
2147.127532 3850.275128
7821.773872 2893.372972
7573.817358 6315.963209
4402.342011 4978.965749
1147.994516 8173.659750
8343.148159 1975.487667
7891.261235 4314.481312
3972.069616 9436.763715
1658.922387 5654.179419
9665.673458 3761.615072
9936.862796 5062.401568
6371.884697 249.903673
8902.603934 7185.301273
4568.376588 3877.281587
2029.458890 8722.044085
9384.762609 9850.141975
9534.345452 7137.393806
1337.873808 1530.354299
6209.142328 2947.651994
7135.632896 7552.897114
8623.075299 1312.748897
7976.744020 1628.700643
9970.335877 4133.711889
1605.671599 4901.773905
7791.280979 8636.006092
2580.494874 3563.248047
8668.825141 4800.699389
704.919673 9467.299761
4357.645587 1747.884969
1609.993569 2803.021961
5286.145731 9340.479013
2764.431138 6866.541217
273.969145 8241.205498
5278.042637 3717.082543
4488.112769 385.554100
2001.020370 6965.992767
5281.787483 9983.063774
8747.036542 4713.701380
1541.684728 9434.788385
8298.070003 4953.711868
2067.813332 2313.811190
8799.613009 8241.070293
321.792323 4560.462180
5312.464177 8983.124766
3347.590346 181.369134
6042.740589 3368.404532
7323.148530 74.415060
8538.579377 4467.420238
705.177675 4711.782304
5660.156088 8970.571325
4223.745257 9579.779717
482.958660 2210.872782
1882.586563 2954.117433
1429.985359 4188.060589
9555.338547 8720.283418
8333.644308 8422.778393
9680.250899 6856.296865
5529.561632 6571.086290
3988.157385 7892.638099
72.593316 109.746640
9827.081650 1916.759262
8485.616276 216.285130
8710.648583 5500.902131
1898.295945 5661.203035
4692.815352 4987.477424
3087.343327 6637.221132
4787.365332 7658.135033
9871.889381 2763.958920
2381.875806 252.316264
6097.096084 9654.810876
8761.851043 7424.172105
7646.017917 7336.874332
4200.109776 7623.588450
4178.438442 3261.817900
7296.879624 5130.572902
5332.535409 354.609636
3917.537911 8992.335918
6691.702315 4528.988953
7396.923437 241.974144
5965.897774 9898.607204
4949.820051 6564.725682
8393.031074 8484.794012
490.948615 2490.337725
9446.325208 3533.816449
6681.724518 4910.284507
255.732755 1251.658375
8475.683411 1973.720940
5175.946768 2779.382352
1108.458494 4823.536171
3113.434846 2102.798908
7069.863996 7764.409715
967.056111 8218.139932
9569.023517 1627.679983
2584.355304 882.373632
428.539901 2787.671708
8666.391394 0.124621
4837.645165 3017.666831
6564.795933 3698.977069
8659.284303 2429.722749
9700.417991 9041.551994
9125.357576 8613.423135
4537.932091 3384.495160
4307.042838 4189.962589
4429.506436 9122.933225
1584.628995 6220.043450
8444.889043 2817.174882
660.597139 3983.441242
2164.389140 6480.260824
7323.729953 4405.136383
9736.233487 4087.045585
2621.932918 1756.321046
9717.432555 2930.433290
6551.299710 2745.765977
393.846857 2196.880231
4675.471047 2328.909217
8079.319682 363.940175
6265.175949 6915.022911
9882.797199 7770.058256
119.695571 5475.431709
8032.814880 2194.466604
529.131778 2645.471911
2413.993405 2656.210938
1362.653958 8211.070954
95.247124 1060.378321
9007.188887 507.802992
5141.399481 6172.209443
1818.927526 1667.232421
8910.370306 6723.380825
9089.648137 6923.875554
8954.346579 2170.065136
5815.693155 1928.418595
8105.584683 1589.652159
3202.334772 9188.808920
2037.641559 4009.677317
8221.042092 1669.338249
9074.651987 185.994323
5355.625880 131.327855
8663.709690 4733.546406
5977.215633 1303.766648
4628.449204 8723.112207
8950.058463 3046.031839
4648.656966 8122.325116
120.113046 2716.200960
4921.015883 2130.155042
7383.272594 8923.124745
1407.520855 7501.955840
4504.285243 2656.499709
4775.660955 1202.507199
6116.620710 775.021011
9035.648634 5279.213872
7932.557258 2531.034029
1548.922058 2729.299297
9417.130029 9077.850352
6672.336064 7428.928649
2478.888027 1605.660251
4419.378593 4704.927122
5298.314801 9040.937968
3446.949952 4253.023232
838.963470 9794.440095
8212.340882 7713.798993
3938.040218 2964.808426
2851.114729 4355.300387
8648.969564 2671.509815
103.516412 6663.166230
7450.843823 5429.743593
5287.472900 8286.760744
2227.956743 7379.583269
4026.447146 8873.514042
1600.161246 4647.375939
5700.185125 3852.970402
9237.368770 2179.519718
2948.345639 7477.200840
1378.743530 1851.222031
4187.910648 3527.521291
1206.338783 7546.774767
7712.876100 6783.227277
1687.014175 628.575093
4335.076415 5750.205258
5956.888641 645.985853
2532.670723 246.159111
2741.712290 9116.454304
7548.550983 4885.257873